gene	WtA	WtB	WtC	2hrA	2hrB	2hrC	4hrA	4hrB	4hrC	6hrA	6hrB	6hrC	8hrA	8hrB	8hrC	12hrA	12hrB	12hrC	12hrD	12hrE	12hrF	16hrA	16hrB	16hrC	24hrA	24hrB	24hrC	24hrD	24hrE	24hrF	36hrA	36hrB	36hrC	48hrA	48hrB	48hrC	60HrB	60hrA	60hrC	72hrA	72hrC
X18S	0.5161	0.5312	0.5381	0.5998	0.7297	0.6651	0.5111	0.3895	0.8281	0.7592	0.8264	0.7028	0.5565	0.5593	0.6716	0.7628	0.7206	0.6928	2.344	1.919	2.293	0.6558	0.6922	0.6877	0.5385	0.5733	0.7026	1.752	2.068	2.226	2.108	2.369	2.13	2.037	2.103	2.569	1.802	1.775	1.765	2.56	2.079
Actb	0.883	0.6362	0.5448	0.9248	0.8025	0.7794	0.8419	0.5052	0.9057	1.116	0.9206	0.8787	0.6871	0.8909	0.6915	0.8148	0.7982	0.5677	1.688	1.319	1.53	0.638	0.6026	0.5208	0.6619	0.8253	0.7003	1.094	1.35	1.67	1.556	1.54	1.666	1.928	1.812	2.248	1.988	1.778	2.14	2.694	2.313
Atp5b	1.015	0.5903	0.7529	0.8435	0.8836	0.8879	0.6893	0.5073	0.8822	0.9862	0.9996	0.9255	0.8839	1.105	0.7212	1.202	1.293	0.7352	2.198	1.463	1.453	0.9025	0.9537	0.7562	0.7176	0.878	0.7057	1.376	1.435	1.439	1.586	1.384	1.158	1.471	1.388	1.181	1.446	1.109	1.285	1.221	1.185
B2m	0.7947	0.6248	0.5561	0.8228	0.8889	0.9116	0.9016	0.4239	0.6331	0.872	0.7065	0.5579	0.5115	0.6161	0.3676	0.6159	0.7457	0.5366	1.076	0.4924	0.7976	0.9225	1.183	0.958	0.8023	1.056	0.7374	0.7316	1.292	1.436	2.048	1.589	1.782	3.082	2.118	3.421	2.723	2.794	3.083	3.758	3.709
Cdx1	0.0337	0.016	0.0276	0.5554	0.4767	0.4279	0.8258	0.5339	1.077	1.07	1.071	1.172	0.7301	0.7832	0.621	1.194	1.056	0.9614	5.793	4.747	4.233	1.766	1.678	1.387	1.299	1.351	1.424	5.201	7.123	4.335	5.8	3.561	2.441	5.33	6.813	4.279	1.426	1.612	1.786	4.213	3.328
Cdx2	0.2338	0.0617	0.0366	0.146	0.1344	0.1328	0.5706	0.2227	0.4607	0.8364	0.7167	0.5733	0.4047	0.5539	0.3801	0.4794	0.4105	0.4204	10.94	7.763	7.166	0.5554	0.4659	0.5952	2.061	1.834	2.598	7.672	8.758	9.654	9.474	7.119	8.127	10.23	13.9	8.787	1.638	2.41	2.596	5.45	4.568
Gapdh	0.9541	0.6957	0.8279	0.8861	0.7748	0.8383	0.9618	0.5893	0.9901	1.183	1.065	1.127	0.8438	0.983	0.7256	1.161	1.009	0.8301	1.496	1.103	1.311	1.158	1.07	0.9493	1.037	1.033	0.9913	1.067	1.265	1.282	1.253	1.306	1.123	1.216	1.125	1.035	1.073	1.193	1.093	1.374	1.089
Hoxa1	0.0471	0.0151	0.0369	0.2518	0.2516	0.2372	1.032	0.6857	1.052	1.067	1.133	1.128	1.238	1.474	0.9824	1.948	1.983	1.637	3.013	2.42	1.968	2.066	2.148	1.662	2.315	2.889	2.336	3.368	3.616	3.575	4.904	4.388	3.384	3.457	3.363	2.643	2.692	3.775	2.328	2.427	2.303
Hoxa2	0.0876	0.0279	0.0279	0.13	0.1165	0.0481	0.2156	0.1559	0.3404	0.4449	0.3522	0.4113	0.5063	0.4876	0.2815	0.5395	0.4154	0.394	6.061	4.173	4.519	0.6111	0.7087	0.6318	1.489	2.066	1.699	9.068	9.42	8.058	14.03	12.5	9.667	16.86	11.67	8.071	14.92	10.91	18.15	19.37	11.77
Hoxa3	0.0437	0.0102	0.0266	0.1205	0.139	0.1286	0.2907	0.1578	0.4831	0.4207	0.4515	0.6953	0.6029	0.7398	0.4061	1.088	1.092	1.059	5.934	4.415	5.588	2.152	2.263	1.782	3.685	4.817	3.534	6.774	8.119	12.61	8.563	6.146	9.226	5.809	4.641	5.818	8.326	7.364	9.97	8.648	7.449
Hoxa4	0.0184	0.0099	0.0099	0.1035	0.0851	0.0664	0.2141	0.1677	0.5861	0.4416	0.4776	0.8979	0.7198	0.6543	0.4591	1.033	0.8327	0.8529	13.63	10.17	10.34	1.308	1.262	1.147	2.922	3.79	3.155	12.72	13.16	16.68	10.04	9.945	10.86	7.143	5.783	5.772	6.4	5.609	6.575	7.322	5.917
Hoxa5	0.0145	0.0034	0.0053	0.1088	0.0635	0.054	0.1749	0.1578	0.4495	0.2759	0.3306	0.6289	0.6707	0.5836	0.3355	0.9637	0.966	0.784	9.623	6.324	7.629	1.352	1.592	0.9291	2.827	4.819	2.96	11.83	15.66	19.06	18.26	16.27	19.1	11.22	10.63	10.03	22.31	17.84	17.15	16.91	14.32
Hoxa6	0.0353	0.0353	0.0506	0.0722	0.0353	0.0517	0.1833	0.0542	0.3339	0.2647	0.3174	0.5024	0.4045	0.3409	0.2388	0.6329	0.651	0.4615	4.155	3.089	3.994	0.8264	0.8064	0.7396	2.174	2.69	2.282	5.764	5.984	8.129	9.802	8.508	9.593	12.95	11.48	12.04	28.38	17.53	30.8	44.05	34.04
Hoxa7	0.0743	0.0228	0.0358	0.078	0.0661	0.0608	0.3041	0.1253	0.4649	0.5303	0.5531	0.8037	0.4802	0.6935	0.3749	0.6427	0.6048	0.4967	6.743	4.355	6.728	0.9346	1.001	0.8775	2.094	2.887	2.343	5.225	5.144	9.444	6.728	7.686	10.06	8.321	8.113	8.692	8.402	5.688	11.37	13.31	11.75
Hoxa9	0.0496	0.032	0.032	0.032	0.032	0.032	0.0783	0.0866	0.2044	0.2032	0.1857	0.3307	0.2664	0.2752	0.1488	0.3166	0.3603	0.2194	3.767	3.601	3.474	0.8453	0.9503	0.7525	0.8863	1.541	1.204	11.2	13.46	17.45	33.88	25.29	18.58	33.25	27.58	18.35	50.33	29.7	47.25	47.57	35.11
Hoxa10	0.0721	0.0175	0.0282	0.0497	0.0529	0.0175	0.3264	0.1725	0.6232	0.5585	0.6299	0.9879	0.5402	0.466	0.2974	0.4451	0.4298	0.3881	7.411	6.308	6.73	0.5072	0.5754	0.5353	0.9277	1.345	1.105	15.43	13.89	18.11	15.93	15.06	12.25	12.76	14.88	9.363	15.64	9.401	17.68	25.98	18.14
Hoxa11	0.1337	0.1337	0.1337	0.1337	0.1337	0.1337	0.267	0.2115	0.6598	0.8656	0.7423	0.9294	0.9394	0.5254	0.3524	0.5853	0.5569	0.6678	2.344	3.053	3.551	0.5404	0.4616	0.7219	0.8479	1.147	1.166	3.108	3.325	5.564	3.502	2.763	4.617	9.046	8.888	8.311	3.159	2.284	5.561	17.85	13.61
Hoxa13	0.2236	0.2236	0.2236	0.2236	0.2236	0.2236	0.3288	0.2236	0.3552	0.6896	0.3291	0.4632	0.2236	0.365	0.2236	0.3707	0.5187	0.4809	1.329	1.718	1.205	1.707	1.323	0.9904	2.608	3.002	2.292	2.665	2.966	2.434	5.671	5.255	3.039	4.944	5.674	4.826	5.297	7.229	4.968	5.739	5.434
Hoxb1	0.0028	0.0028	0.0028	0.0768	0.0524	0.0415	0.3853	0.4105	0.4869	0.7442	0.8684	0.8243	1.156	1.243	0.5448	2.201	2.407	1.732	9.43	6.66	6.343	5.683	5.334	3.141	5.443	9.018	5.705	13.69	17.88	16.3	17.7	15.48	10.66	7.604	6.486	4.999	5.216	5.804	4.74	3.005	2.92
Hoxb2	0.0081	0.0025	0.0038	0.0524	0.0458	0.0401	0.1453	0.1427	0.2699	0.2022	0.2466	0.2921	0.5125	0.3628	0.214	0.736	0.8876	0.8332	18.36	12.99	12.23	2.048	1.732	1.557	3.424	4.131	3.252	21.89	23.03	25.11	33.68	29.06	23.36	18.83	15.9	11.81	18.48	17.87	18.06	13.67	11.4
Hoxb3	0.24	0.24	0.24	0.24	0.24	0.24	0.24	0.24	0.24	0.24	0.24	0.24	645.3	0.24	0.24	599.6	0.24	0.24	0.823	0.376	0.8407	1853	0.24	0.24	4.613	0.24	0.24	1.938	1.477	2.408	5.005	3.889	4.006	3.088	1.34	0.9458	4.429	3.34	1.831	1.569	2.342
Hoxb4	0.0098	0.0095	0.0087	0.1009	0.1054	0.1036	0.3036	0.1967	0.4263	0.3751	0.5465	0.6314	0.6519	0.7617	0.4229	1.17	1.544	1.149	7.704	5.241	6.524	3.655	3.255	2.47	3.518	5.739	3.877	8.677	10.25	11.53	10.77	10.36	8.144	5.383	4.089	4.285	7.301	6.807	6.808	7.303	6.033
Hoxb5	0.0071	0.0071	0.0071	0.0743	0.0736	0.0519	0.2728	0.2346	0.5343	0.4167	0.6085	0.7755	0.9938	0.9449	0.4231	1.287	1.763	1.12	7.765	5.067	6.13	3.655	3.078	2.17	4.729	6.9	4.513	7.754	7.624	11.6	12.07	11.5	12.87	5.765	4.53	4.5	10.36	8.357	8.118	7.539	5.92
Hoxb6	0.0077	0.0077	0.0077	0.0368	0.0198	0.0238	0.0374	0.0461	0.1482	0.1172	0.1326	0.2431	0.2956	0.2819	0.1191	0.6329	0.7939	0.6059	13.99	8.92	7.995	3.473	3.708	2.196	3.718	6.212	3.923	23.6	26.62	23.22	47.69	42.16	30.22	23.81	17.08	12.74	25.45	16.25	23.32	15.78	13.01
Hoxb7	0.0679	0.0262	0.0759	0.057	0.0171	0.0625	0.12	0.0603	0.17	0.1822	0.2262	0.45	0.3595	0.4714	0.2396	0.781	0.914	0.6106	7.213	5.563	7.261	2.325	3.116	1.935	3.091	3.878	3.242	10.57	10.1	12.09	12.04	10.96	9.282	8.106	6.438	6.295	8.898	7.142	7.391	9.012	6.266
Hoxb8	0.0411	0.0217	0.0131	0.0484	0.0439	0.0488	0.0469	0.0597	0.125	0.0943	0.104	0.196	0.1738	0.2218	0.0835	0.3767	0.494	0.4304	10.17	7.286	9.501	1.688	1.696	1.2	4.022	6.589	4.543	18.57	18.87	30.05	29.46	28.47	27.7	19.77	14.94	16.65	26.06	21.08	27.11	20.38	16.88
Hoxb9	0.0557	0.0232	0.0329	0.0486	0.0419	0.0423	0.0931	0.0695	0.1363	0.236	0.1906	0.36	0.279	0.5445	0.1652	0.4663	0.5253	0.4537	6.015	3.741	3.33	1.516	1.491	1.011	4.744	7.81	5.285	13.63	12.47	14.15	21.97	17.84	16.87	11.02	10.69	8.551	17.83	11.93	22.2	17.19	14.94
Hoxb13	0.0446	0.0446	0.0446	0.1535	0.1183	0.1452	0.3849	0.2158	0.6714	0.662	0.8158	0.7415	0.9214	1.394	0.66	3.701	3.35	1.629	4.856	2.293	4.695	5.813	6.249	3.59	2.238	2.295	1.642	2.116	2.77	2.622	1.585	1.467	1.69	2.014	1.374	2.933	4.649	3.318	6.01	7.699	6.269
Hoxc4	0.0325	0.0363	0.1094	0.0704	0.0662	0.0572	0.1364	0.076	0.16	0.2074	0.1902	0.2636	0.2723	0.3368	0.1985	0.6899	1.104	0.6375	1.51	0.9779	1.321	2.976	2.484	2.115	3.393	4.976	3.434	5.78	8.056	8.751	14.68	13.95	10.81	11.51	7.737	7.433	16.5	17.48	12.31	10.84	8.554
Hoxc5	0.0396	0.0396	0.0396	0.0396	0.0396	0.0396	0.0396	0.0396	0.0575	0.0396	0.0704	0.0658	0.0615	0.1086	0.0396	0.1687	0.311	0.3128	1.706	1.371	2.095	2.877	2.22	2.4	4.66	7.138	6.253	13.89	19.53	25.03	54.38	44.52	42.76	47.22	33.91	31.7	53.16	73.46	29.52	39.89	22.53
Hoxc6	0.0897	0.1122	0.0753	0.1285	0.1284	0.2006	0.1808	0.0437	0.0956	0.2179	0.2339	0.1587	0.1182	0.1235	0.1506	0.2575	0.336	0.2524	1.242	0.7206	1.045	0.4477	0.5298	0.4532	0.4345	0.9233	0.5218	5.424	7.557	7.086	31.64	26.28	14.29	33.09	31	21.67	58.58	45.4	48.6	75.05	43.89
Hoxc8	0.0987	0.0621	0.0621	0.1205	0.1781	0.1881	0.0915	0.0621	0.117	0.2147	0.2071	0.128	0.1071	0.1341	0.0919	0.2469	0.3043	0.1598	0.6037	0.3155	0.5137	0.216	0.1364	0.2035	0.4826	0.958	0.5226	3.558	6.146	11.25	41.04	36.95	43.44	78.27	67.72	63.13	114.6	76.41	129.3	110.2	77.53
Hoxc9	0.0581	0.0581	0.0581	0.0581	0.0581	0.0581	0.1043	0.0581	0.0876	0.1876	0.1691	0.102	0.0973	0.0911	0.0581	0.0581	0.1099	0.0581	0.7572	0.4823	0.671	0.1653	0.143	0.1989	0.8653	2.379	0.9918	5.37	7.904	14.77	63.49	55.98	71.59	133.3	127.1	104.8	233.7	185.6	293.7	248.3	194.1
Hoxc10	0.1823	0.1823	0.1823	0.1823	0.1823	0.1823	0.1823	0.1823	0.1823	0.1823	0.1823	0.1823	0.1823	0.1823	0.1823	0.1823	0.1823	0.1823	0.7739	0.3187	0.9052	0.1823	0.4201	0.3342	0.5281	1.26	0.6388	2.277	1.858	3.616	16.44	15.36	14.56	33.32	35.65	21.64	58.51	44.15	70.81	94.92	54.88
Hoxc11	0.5471	0.5471	0.5471	0.5471	0.5471	0.5471	1.046	0.5471	0.5471	0.5471	0.5471	0.5471	0.5471	0.5471	0.5471	0.5471	0.5471	0.5471	0.5471	0.5471	0.5471	0.5471	0.5471	0.5471	0.5471	0.5471	0.5471	0.5471	0.5471	1.125	2.914	1.03	1.057	3.487	6.928	4.825	10.84	5.091	16.87	21.81	14.88
Hoxc12	0.5955	0.5955	0.5955	0.5955	0.5955	0.5955	0.5955	0.5955	0.5955	0.5955	0.5955	0.5955	0.5955	0.5955	0.5955	0.8719	1.012	0.5955	0.5955	0.8839	0.9249	0.5955	0.5955	0.5955	0.5955	0.5955	0.5955	0.5955	0.5955	0.5955	0.9729	2.353	1.901	4.148	3.306	2.594	4.86	2.17	11.51	20.43	12.22
Hoxc13	0.8249	0.6581	0.881	0.7447	0.7945	0.7494	1.099	0.4816	0.7428	0.7799	0.7651	0.5451	0.3148	0.4045	0.2826	0.3801	0.3433	0.2883	1.104	0.5919	1.055	0.8592	0.8581	0.8744	1.118	1.168	0.918	1.261	1.839	1.687	2.437	2.023	2.139	3.469	3.641	2.795	2.622	2.457	4.069	4.623	4.01
Hoxd1	0.0916	0.0916	0.3227	0.0916	0.0916	0.0916	0.0916	0.0916	0.1696	0.1616	0.1646	0.2605	0.1451	0.4509	0.1497	0.5177	0.5371	0.525	0.9526	0.7847	0.9251	1.168	1.099	0.9772	2.019	2.878	1.702	3.63	4.872	6.558	14.9	12.97	12.78	13.89	10.78	10.4	23.1	25.48	22.49	12.86	7.039
Hoxd3	0.1797	0.1797	0.1797	0.1797	0.1797	0.1797	0.1797	0.1797	0.1797	0.1797	0.1797	0.1797	0.1797	0.1797	0.1797	0.1797	0.1797	0.1797	0.7841	0.1797	0.9397	0.2795	0.3877	0.3032	0.4255	1.303	0.6364	3.374	4.506	5.7	16.07	12.46	12.31	25.38	22.13	19.44	73.89	50.17	89.33	73.7	51.69
Hoxd4	0.2117	0.2117	0.2117	0.2117	0.2117	0.2117	0.2117	0.2117	0.2117	0.2117	0.2117	0.2117	0.2117	0.2117	0.2117	0.2117	0.2117	0.2117	0.8369	0.3169	0.6823	0.2117	0.2117	0.2117	0.3229	0.2117	0.2117	0.9243	1.819	3.578	11.59	9.282	12.42	29.63	27.75	28.93	138	103.7	174.7	127.6	95.81
Hoxd8	0.3454	0.1386	0.1562	0.2788	0.3617	0.1507	0.4228	0.2922	0.2806	0.3715	0.4225	0.4024	0.0827	0.3783	0.1563	0.427	0.3966	0.1623	1.518	0.8518	1.279	0.4025	0.619	0.6614	1.582	2.776	1.673	1.378	3.025	2.577	6.379	5.918	4.842	9.71	8.439	9.591	20.61	19.56	21.67	19.27	14.32
Hoxd9	0.3127	0.3127	0.3127	0.3127	0.3127	0.3127	0.3127	0.3127	0.3127	0.3127	0.3127	0.3127	0.3127	0.3127	0.3127	0.3127	0.3127	0.3127	1.233	0.7727	0.3127	0.3127	0.3127	0.3127	1.505	2.516	1.702	1.364	2.268	1.711	7.94	7.618	3.975	16.41	14.75	7.389	15.35	23.42	12.98	8.76	7.311
Hoxd10	0.6113	0.6113	0.6113	0.6113	0.6113	0.6113	0.6113	0.6113	0.6113	0.6113	0.6113	0.6113	0.6113	0.6113	0.6113	0.6113	0.6113	2.147	1.324	0.6113	0.6113	0.6113	0.8901	0.6113	0.6113	0.9603	0.6113	0.6113	1.094	1.043	3.757	3.279	1.897	4.141	6.306	0.9137	2.827	2.51	3.153	4.471	3.82
Hoxd11	0.386	0.386	0.386	0.386	0.386	0.386	0.386	0.386	0.386	0.386	0.386	0.386	0.386	0.386	0.386	0.386	0.386	0.386	3.995	3.592	2.534	0.386	0.386	0.386	0.386	0.386	0.386	1.873	1.818	2.605	5.277	4.879	4.358	6.654	7.097	4.476	8.323	9.092	5.739	7.234	6.061
Hoxd12	0.8948	0.8948	0.8948	0.8948	0.8948	0.8948	0.8948	0.8948	0.8948	0.8948	0.8948	0.8948	0.8948	0.8948	0.8948	0.8948	0.8948	0.8948	0.8948	0.8948	0.8948	0.8948	0.8948	0.8948	0.8948	0.8948	0.8948	0.8948	1.461	1.493	0.8948	1.451	0.8948	1.427	1.328	0.8948	2.185	1.426	1.848	1.412	0.8948
Hoxd13	0.356	0.211	0.2224	0.3404	0.2063	0.2531	0.523	0.3132	0.8508	0.8258	0.6023	1.203	0.4967	0.4996	0.246	0.4598	0.5864	0.4538	3.307	2.362	2.477	0.6151	0.7874	0.5764	1.894	2.878	1.828	2.08	2.671	3.361	3.8	4.126	3.614	2.96	2.91	3.01	3.243	3.668	2.846	3.146	3.093
Tbp	1.143	0.8027	0.6636	1.136	1.1	1.062	1.048	0.6247	1.151	1.232	1.211	1.11	0.8632	1.084	0.8079	1.093	0.9161	0.7288	2.141	1.454	1.406	0.7423	0.7401	0.6216	0.7593	0.8125	0.7629	0.9933	1.236	1.335	1.331	1.262	1.065	1.486	1.251	1.076	1.119	1.08	1.103	1.496	1.18
Ubc	1.754	1.318	0.6919	1.95	1.773	1.733	0.6651	0.3207	0.5891	1.046	0.8723	0.7266	0.6671	0.9185	0.5868	0.7749	0.9374	0.4463	1.787	1.2	1.563	0.5693	0.5266	0.4026	0.5587	0.6849	0.5156	1.06	1.389	1.878	1.444	1.68	1.883	1.678	1.505	1.875	1.554	1.192	2.459	2.098	2.136
