bad	1520	6	5	1
bad	1574	2	2	1
bad	1575	11	11	2
bad	1581	2	2	1
bad	1584	9	7	1
bad	1586	22	22	1
bad	1588	6	6	1
bad	1592	60	56	6
bad	1603	24	22	1
bad	1611	4	4	1
bad	1613	1	1	1
bad	1618	5	5	1
bad	1620	6	6	2
bad	1621	1	1	1
bad	1627	5	4	1
bad	1631	17	17	1
bad	1632	5	5	1
bad	1634	14	14	2
bad	1635	23	22	2
bad	1637	4	4	1
bad	1638	6	6	2
bad	1639	1	1	1
bad	1640	6	5	2
bad	1641	1	1	1
bad	1642	12	12	2
bad	1644	62	55	2
bad	1647	38	27	2
bad	1648	30	29	2
bad	1649	16	15	3
bad	1651	89	77	2
bad	1653	2	2	1
bad	1658	11	10	1
bad	1659	4	4	1
bad	1660	100	85	5
bad	1661	7	7	1
bad	1663	48	43	2
bad	1664	27	25	1
bad	1665	4	4	4
bad	1666	70	60	4
bad	1667	97	89	3
bad	1668	40	35	2
bad	1669	10	10	1
bad	1670	22	19	3
bad	1671	7	7	1
bad	1672	3	3	1
bad	1673	19	19	2
bad	1674	83	68	1
bad	1675	69	65	4
bad	1676	20	15	3
bad	1677	28	27	4
bad	1678	15	15	3
bad	1679	9	7	1
bad	1680	44	39	4
bad	1681	28	26	4
bad	1682	82	77	5
bad	1683	151	130	13
bad	1684	11	11	4
bad	1685	64	55	6
bad	1686	27	26	4
bad	1687	3	3	2
bad	1688	44	41	4
bad	1689	17	15	6
bad	1690	22	19	2
bad	1692	9	7	1
bad	1693	11	11	2
bad	1694	81	74	6
bad	1695	51	47	3
bad	1696	13	13	5
bad	1697	29	23	3
bad	1698	51	50	5
bad	1699	62	56	11
bad	1700	236	169	7
bad	1701	71	69	11
bad	1702	134	120	18
bad	1703	123	110	15
bad	1704	60	59	15
bad	1705	155	140	19
bad	1706	114	105	12
bad	1707	86	83	14
bad	1708	115	103	11
bad	1709	18	17	6
bad	1710	201	170	15
bad	1711	136	116	18
bad	1712	20	19	4
bad	1713	70	65	18
bad	1714	136	129	30
bad	1715	135	100	16
bad	1716	68	64	15
bad	1717	77	68	23
bad	1718	115	107	23
bad	1719	109	98	28
bad	1720	135	130	34
bad	1721	104	91	17
bad	1722	134	126	24
bad	1723	115	105	22
bad	1724	179	158	25
bad	1725	242	228	35
bad	1726	299	267	42
bad	1727	382	342	51
bad	1728	393	355	50
bad	1729	349	319	51
bad	1730	384	315	50
bad	1731	589	500	56
bad	1732	443	382	46
bad	1733	143	135	42
bad	1734	241	218	45
bad	1735	374	326	47
bad	1736	224	184	34
bad	1737	270	255	45
bad	1738	424	381	51
bad	1739	1188	1057	91
bad	1740	446	394	50
bad	1741	408	345	49
bad	1742	286	262	52
bad	1743	557	506	68
bad	1744	535	481	70
bad	1745	453	407	75
bad	1746	286	255	48
bad	1747	1241	1124	90
bad	1748	534	469	52
bad	1749	595	531	79
bad	1750	1033	910	86
bad	1751	850	736	83
bad	1752	847	728	80
bad	1753	1115	972	103
bad	1754	1072	968	100
bad	1755	1236	1115	110
bad	1756	481	446	58
bad	1757	1315	1153	101
bad	1758	873	800	93
bad	1759	1099	1002	104
bad	1760	859	778	95
bad	1761	520	464	64
bad	1762	783	671	57
bad	1763	619	546	63
bad	1764	750	656	86
bad	1765	702	647	74
bad	1766	1338	1198	103
bad	1767	948	860	87
bad	1768	1569	1427	133
bad	1769	1059	948	101
bad	1770	1540	1374	129
bad	1771	1558	1401	101
bad	1772	1509	1371	100
bad	1773	685	640	94
bad	1774	1131	1018	109
bad	1775	1657	1463	115
bad	1776	1255	1153	131
bad	1777	1492	1367	144
bad	1778	873	821	90
bad	1779	1021	944	106
bad	1780	1008	923	106
bad	1781	1107	1044	114
bad	1782	906	822	96
bad	1783	1136	1072	126
bad	1784	1633	1534	142
bad	1785	1408	1314	141
bad	1786	1148	1058	140
bad	1787	2325	2125	216
bad	1788	3185	2851	241
bad	1789	2545	2282	216
bad	1790	2519	2299	240
bad	1791	2461	2176	209
bad	1792	2999	2702	275
bad	1793	2605	2369	273
bad	1794	2454	2242	242
bad	1795	2570	2339	229
bad	1796	2906	2689	280
bad	1797	2209	1959	216
bad	1798	2330	2127	235
bad	1799	2718	2425	274
bad	1800	3939	3614	372
bad	1801	7159	6492	554
bad	1802	4342	3939	406
bad	1803	6663	6038	552
bad	1804	6856	6272	698
bad	1805	6690	6068	614
bad	1806	8455	7751	774
bad	1807	8965	8081	754
bad	1808	10907	9911	865
bad	1809	11516	10250	802
bad	1810	10666	9733	873
bad	1811	14365	12783	1020
bad	1812	12922	11519	854
bad	1813	10161	9359	736
bad	1814	11742	10753	892
bad	1815	12429	11072	871
bad	1816	13544	12137	951
bad	1817	15667	13744	1009
bad	1818	14249	12731	1094
bad	1819	12315	11082	1037
bad	1820	17564	15870	1283
bad	1821	12780	11526	1116
bad	1822	20608	18319	1515
bad	1823	20602	17952	1530
bad	1824	27069	23864	1810
bad	1825	24528	22209	1851
bad	1826	19378	16964	1437
bad	1827	20646	18601	1557
bad	1828	22571	19565	1577
bad	1829	19522	17323	1619
bad	1830	31173	26755	1947
bad	1831	23103	20500	1818
bad	1832	22438	20053	1865
bad	1833	22671	20032	1972
bad	1834	24861	22051	1907
bad	1835	29001	25487	2106
bad	1836	29737	25915	2237
bad	1837	26890	23660	1918
bad	1838	28043	24572	1955
bad	1839	32658	28679	2333
bad	1840	32722	28692	2308
bad	1841	27815	24430	2096
bad	1842	26019	22663	1862
bad	1843	32007	27333	2071
bad	1844	34360	29948	2322
bad	1845	34396	30118	2313
bad	1846	34614	30419	2494
bad	1847	31367	27657	2434
bad	1848	36861	32149	2597
bad	1849	34000	29977	2555
bad	1850	35433	31162	2731
bad	1851	38258	33754	2843
bad	1852	43560	38354	3167
bad	1853	50318	43932	3461
bad	1854	50246	44228	3624
bad	1855	42373	37342	3107
bad	1856	47717	41843	3361
bad	1857	44193	39118	3046
bad	1858	41471	36510	2838
bad	1859	45091	39478	3122
bad	1860	47945	41904	3409
bad	1861	38431	33633	2457
bad	1862	33606	29628	2390
bad	1863	32133	28366	2360
bad	1864	39807	34980	2901
bad	1865	37912	33807	2932
bad	1866	42361	37489	3079
bad	1867	39699	34860	2966
bad	1868	42405	37355	3102
bad	1869	48457	42478	3256
bad	1870	40748	35731	3059
bad	1871	46888	40634	3292
bad	1872	46181	40246	3372
bad	1873	46776	40721	3383
bad	1874	54159	47402	3730
bad	1875	54142	47247	3902
bad	1876	56090	48765	4083
bad	1877	51253	44845	3897
bad	1878	51267	44652	3853
bad	1879	56156	48255	4115
bad	1880	66814	58066	4800
bad	1881	62415	54723	4825
bad	1882	66757	58444	5160
bad	1883	80095	70452	5827
bad	1884	71911	62983	5494
bad	1885	76055	66688	5607
bad	1886	63101	55178	4782
bad	1887	77415	67442	5695
bad	1888	69571	61404	5528
bad	1889	66092	57673	5150
bad	1890	70783	61928	5586
bad	1891	78185	68021	5944
bad	1892	86104	74628	6577
bad	1893	79330	69523	6325
bad	1894	81448	71505	6310
bad	1895	85281	75108	7120
bad	1896	90444	79456	7483
bad	1897	91168	80162	7236
bad	1898	95655	83956	7754
bad	1899	116338	101365	9002
bad	1900	115375	100791	9388
bad	1901	116161	101523	9065
bad	1902	113858	99324	9320
bad	1903	112242	98494	9493
bad	1904	130008	113809	9996
bad	1905	115379	100362	9945
bad	1906	119859	105396	9898
bad	1907	121250	105777	10064
bad	1908	122527	107467	10389
bad	1909	104794	91693	9069
bad	1910	111020	97341	9344
bad	1911	110880	96683	9618
bad	1912	114677	100123	10313
bad	1913	114890	99989	9906
bad	1914	109629	95721	9803
bad	1915	98703	84702	9148
bad	1916	93563	81540	9247
bad	1917	98163	85154	9369
bad	1918	86385	75363	8626
bad	1919	94212	82236	8790
bad	1920	120623	103914	10504
bad	1921	98578	85827	8975
bad	1922	117531	101558	10344
bad	1923	96203	83745	8088
bad	1924	88035	75893	7435
bad	1925	89906	78177	7597
bad	1926	89776	78260	7734
bad	1927	102066	88020	8348
bad	1928	96219	83514	8274
bad	1929	96476	84252	8069
bad	1930	102424	89550	8401
bad	1931	100202	86266	7992
bad	1932	87962	76503	6952
bad	1933	77265	66545	6307
bad	1934	84521	73362	6732
bad	1935	99699	84663	7410
bad	1936	96576	83900	7628
bad	1937	97853	84649	7820
bad	1938	97908	84361	7611
bad	1939	93025	80987	7606
bad	1940	84377	73140	7066
bad	1941	81850	70222	6737
bad	1942	84241	72361	6700
bad	1943	74062	63937	6074
bad	1944	65546	56921	5645
bad	1945	80107	67810	6270
bad	1946	108410	92462	8124
bad	1947	121818	104624	9323
bad	1948	120457	101961	9367
bad	1949	126504	107483	9918
bad	1950	131117	111648	10148
bad	1951	125266	106609	9737
bad	1952	131737	110031	9761
bad	1953	124624	105962	9895
bad	1954	129776	109842	10179
bad	1955	132521	112889	10648
bad	1956	133890	114840	11146
bad	1957	146987	125492	11996
bad	1958	143887	122337	12075
bad	1959	142292	121226	12512
bad	1960	170720	145716	14729
bad	1961	183896	155863	15831
bad	1962	197838	167344	17069
bad	1963	196851	167621	18102
bad	1964	179991	153935	17468
bad	1965	209330	177957	19471
bad	1966	217998	185024	20228
bad	1967	227789	194061	21979
bad	1968	255171	216929	24001
bad	1969	244231	207543	22758
bad	1970	253479	215271	23510
bad	1971	231021	195289	22190
bad	1972	229852	194601	22732
bad	1973	222379	187314	21543
bad	1974	209720	176644	20843
bad	1975	212348	177807	21807
bad	1976	217980	183738	22200
bad	1977	213610	180965	22239
bad	1978	219494	184001	22320
bad	1979	219525	186052	22812
bad	1980	223559	188580	22335
bad	1981	212892	179487	21231
bad	1982	221168	186677	22707
bad	1983	233364	195641	22889
bad	1984	249336	209485	24426
bad	1985	250743	210470	24485
bad	1986	262860	220142	25716
bad	1987	275345	228494	26281
bad	1988	286127	239334	27359
bad	1989	293964	245507	28281
bad	1990	322745	269132	31153
bad	1991	322274	268078	29772
bad	1992	339591	282624	31486
bad	1993	346155	286258	31242
bad	1994	377521	313063	34917
bad	1995	401112	331627	35539
bad	1996	442722	366187	39264
bad	1997	454568	375749	40378
bad	1998	502544	412388	43648
bad	1999	538216	444471	46417
bad	2000	674945	558000	55468
bad	2001	708135	590125	58569
bad	2002	845141	703877	68623
bad	2003	995837	828490	79289
bad	2004	1140350	952904	89859
bad	2005	1122517	934723	85784
bad	2006	1152221	957011	89697
bad	2007	1290408	1080392	93914
bad	2008	1715463	1466953	129406
right	1520	54	32	1
right	1527	2	2	1
right	1574	3	3	1
right	1575	98	90	2
right	1576	2	2	1
right	1581	10	9	1
right	1584	76	68	1
right	1586	84	72	1
right	1588	2	2	1
right	1592	51	46	6
right	1596	2	2	1
right	1603	68	59	1
right	1604	2	2	1
right	1608	3	3	1
right	1611	23	16	1
right	1612	22	15	2
right	1618	17	14	2
right	1620	38	30	2
right	1627	1	1	1
right	1630	14	14	1
right	1631	122	94	1
right	1632	2	2	1
right	1634	22	18	2
right	1635	28	25	2
right	1637	38	31	1
right	1638	21	18	2
right	1639	4	3	1
right	1640	16	14	2
right	1641	1	1	1
right	1642	68	60	2
right	1643	3	3	1
right	1644	568	311	2
right	1647	43	36	2
right	1648	161	132	2
right	1649	69	53	3
right	1651	184	136	2
right	1653	11	10	1
right	1654	7	5	1
right	1658	9	9	3
right	1659	1	1	1
right	1660	149	122	6
right	1661	4	4	1
right	1663	35	33	5
right	1664	18	18	2
right	1665	9	9	5
right	1666	77	66	4
right	1667	95	86	3
right	1668	77	72	2
right	1669	67	55	2
right	1670	63	59	3
right	1671	81	47	1
right	1672	17	17	2
right	1673	99	88	3
right	1674	218	169	2
right	1675	60	54	3
right	1676	51	46	2
right	1677	86	78	4
right	1678	20	19	3
right	1679	118	85	1
right	1680	25	22	4
right	1681	137	97	4
right	1682	249	198	5
right	1683	321	253	12
right	1684	100	78	6
right	1685	214	161	7
right	1686	94	73	5
right	1687	75	60	4
right	1688	80	72	5
right	1689	40	39	4
right	1690	33	27	2
right	1692	69	48	1
right	1693	30	29	4
right	1694	87	66	7
right	1695	74	62	4
right	1696	23	20	5
right	1697	49	43	3
right	1698	251	170	6
right	1699	77	71	13
right	1700	339	247	6
right	1701	251	222	16
right	1702	332	254	23
right	1703	306	268	15
right	1704	200	176	22
right	1705	271	237	24
right	1706	248	190	17
right	1707	191	176	15
right	1708	185	169	16
right	1709	47	44	11
right	1710	385	281	16
right	1711	143	121	18
right	1712	65	53	7
right	1713	195	154	22
right	1714	267	239	32
right	1715	112	99	18
right	1716	269	206	20
right	1717	260	226	35
right	1718	302	267	29
right	1719	279	243	36
right	1720	329	302	45
right	1721	332	265	28
right	1722	333	280	32
right	1723	275	235	28
right	1724	248	214	25
right	1725	519	420	36
right	1726	1038	802	52
right	1727	956	734	56
right	1728	654	535	53
right	1729	1281	852	54
right	1730	1133	804	61
right	1731	684	549	54
right	1732	1222	897	60
right	1733	350	319	50
right	1734	717	585	42
right	1735	1267	663	47
right	1736	387	335	41
right	1737	656	562	45
right	1738	756	629	58
right	1739	1830	1461	100
right	1740	808	663	54
right	1741	468	390	53
right	1742	1893	1029	60
right	1743	1073	827	75
right	1744	1148	937	78
right	1745	1517	1057	77
right	1746	1540	691	65
right	1747	2881	2260	97
right	1748	1455	1100	57
right	1749	1653	1245	84
right	1750	2958	2016	91
right	1751	3038	1726	94
right	1752	2221	1511	79
right	1753	2159	1718	110
right	1754	2838	2299	108
right	1755	3515	2392	120
right	1756	643	558	75
right	1757	3307	2054	104
right	1758	1966	1548	97
right	1759	3054	2255	112
right	1760	2575	1720	102
right	1761	3022	1735	76
right	1762	1000	773	62
right	1763	2563	1671	69
right	1764	2601	1841	99
right	1765	1452	1129	74
right	1766	3078	2383	118
right	1767	2632	2020	99
right	1768	4801	3497	146
right	1769	3089	2413	115
right	1770	4032	3052	142
right	1771	4483	3467	110
right	1772	3255	2515	115
right	1773	3080	2113	106
right	1774	3479	2411	135
right	1775	3188	2437	129
right	1776	4753	3021	160
right	1777	3929	3216	164
right	1778	1931	1586	102
right	1779	2815	2210	127
right	1780	2639	2012	120
right	1781	2822	2228	122
right	1782	2404	1944	113
right	1783	3267	2727	133
right	1784	4462	3554	153
right	1785	4673	3436	166
right	1786	3585	2793	151
right	1787	8569	6512	234
right	1788	9355	6553	258
right	1789	6910	5245	239
right	1790	6473	5041	267
right	1791	8281	5842	235
right	1792	11603	8498	294
right	1793	8232	6171	297
right	1794	7381	5752	275
right	1795	9200	6590	253
right	1796	7608	5935	302
right	1797	5860	4659	251
right	1798	6586	5237	277
right	1799	7970	6273	310
right	1800	12450	9874	415
right	1801	22016	16687	597
right	1802	18143	13046	445
right	1803	21406	16090	590
right	1804	22142	17300	743
right	1805	23623	18205	665
right	1806	27865	21609	821
right	1807	30807	22469	793
right	1808	33803	26001	904
right	1809	36176	25977	871
right	1810	34254	25997	927
right	1811	47534	34269	1060
right	1812	42588	30112	926
right	1813	32697	24308	791
right	1814	41526	29927	957
right	1815	50344	32632	943
right	1816	54310	36485	1022
right	1817	46774	33784	1087
right	1818	51003	36526	1162
right	1819	43955	32420	1115
right	1820	59235	44172	1364
right	1821	55080	38613	1214
right	1822	78003	55927	1611
right	1823	71128	52800	1635
right	1824	86133	62959	1914
right	1825	87932	65458	1974
right	1826	69558	51565	1573
right	1827	80083	58507	1695
right	1828	85371	59163	1712
right	1829	76818	56245	1758
right	1830	101791	73866	2094
right	1831	88023	64255	1976
right	1832	91353	64248	2029
right	1833	87794	64336	2164
right	1834	90465	66404	2102
right	1835	119689	81295	2325
right	1836	120688	85050	2453
right	1837	102286	74459	2113
right	1838	114594	80631	2203
right	1839	133255	95041	2568
right	1840	129382	91592	2518
right	1841	120648	85462	2357
right	1842	117854	79980	2082
right	1843	121287	85554	2311
right	1844	148052	103549	2553
right	1845	142802	99474	2546
right	1846	151652	106507	2756
right	1847	132486	95009	2704
right	1848	153720	109298	2913
right	1849	144465	103907	2850
right	1850	153761	108367	3087
right	1851	168116	119463	3195
right	1852	183170	130947	3527
right	1853	212987	149972	3755
right	1854	225490	159408	3976
right	1855	183938	130870	3467
right	1856	211311	148005	3754
right	1857	179922	128090	3370
right	1858	177159	123199	3168
right	1859	190152	133387	3551
right	1860	212731	145424	3833
right	1861	166410	111597	2761
right	1862	171959	110511	2694
right	1863	162304	106956	2712
right	1864	185543	127730	3282
right	1865	178465	123811	3348
right	1866	208169	141154	3455
right	1867	193135	130427	3352
right	1868	191814	133827	3483
right	1869	208478	143593	3705
right	1870	177981	125651	3466
right	1871	193813	139993	3723
right	1872	194433	140123	3831
right	1873	217098	150371	3890
right	1874	226204	162039	4228
right	1875	245552	173057	4421
right	1876	252768	177342	4644
right	1877	230300	163398	4515
right	1878	230962	160574	4473
right	1879	240533	166374	4786
right	1880	280794	198204	5419
right	1881	284216	199727	5573
right	1882	303111	211084	5860
right	1883	337118	239369	6569
right	1884	350579	234317	6320
right	1885	339303	232204	6404
right	1886	331670	222293	5458
right	1887	327698	230413	6446
right	1888	323297	227865	6254
right	1889	312621	214659	5867
right	1890	317672	226087	6388
right	1891	342891	241088	6773
right	1892	375144	267919	7534
right	1893	368269	257265	7305
right	1894	367453	259519	7242
right	1895	392142	277010	8268
right	1896	393874	286592	8675
right	1897	393196	283433	8434
right	1898	423983	303788	8925
right	1899	477026	349555	10278
right	1900	514424	370402	10710
right	1901	524947	369481	10485
right	1902	515329	365941	10839
right	1903	511228	367056	10935
right	1904	594828	413041	11711
right	1905	554307	389542	11801
right	1906	524091	375274	11619
right	1907	556269	391122	11803
right	1908	558773	395880	12084
right	1909	486623	342664	10675
right	1910	520174	366794	10933
right	1911	524670	368621	11395
right	1912	537922	377612	12151
right	1913	517671	363902	11716
right	1914	547622	376352	11780
right	1915	489360	338000	11067
right	1916	479999	335349	11260
right	1917	509937	351227	11394
right	1918	433944	303595	10399
right	1919	457407	328812	10470
right	1920	559969	393267	12344
right	1921	461357	326030	10513
right	1922	560108	389987	12214
right	1923	390260	285368	9406
right	1924	371132	264286	8763
right	1925	364456	264666	9014
right	1926	371368	268681	9103
right	1927	404709	294769	9807
right	1928	406836	294030	9783
right	1929	384351	281356	9547
right	1930	412325	301272	9982
right	1931	406985	294238	9426
right	1932	364984	262734	8264
right	1933	316817	229591	7612
right	1934	343287	249463	7944
right	1935	385861	284373	8737
right	1936	394028	285020	9119
right	1937	403778	293710	9294
right	1938	411112	293410	9126
right	1939	400177	287732	8983
right	1940	391535	278329	8543
right	1941	360017	256022	8172
right	1942	374995	264470	8073
right	1943	337193	240342	7258
right	1944	299292	213885	6768
right	1945	326605	233556	7485
right	1946	445881	317230	9760
right	1947	529652	373631	11267
right	1948	524001	368970	11387
right	1949	550519	386037	12328
right	1950	603434	421210	12603
right	1951	551623	391421	11948
right	1952	590352	406716	11961
right	1953	556270	392877	12151
right	1954	561301	400640	12688
right	1955	587395	419739	13157
right	1956	636043	440479	13631
right	1957	656599	463405	14850
right	1958	699000	487846	14999
right	1959	679312	475514	15881
right	1960	823430	574048	18752
right	1961	843701	596286	20173
right	1962	914487	642202	21641
right	1963	947651	661864	23172
right	1964	860615	609318	22385
right	1965	1000788	703133	24697
right	1966	1040695	724269	25907
right	1967	1111572	774602	27816
right	1968	1209906	845820	30191
right	1969	1118307	788279	28462
right	1970	1143801	809343	29430
right	1971	1041980	739908	27881
right	1972	1043885	732198	28858
right	1973	1030405	718594	27552
right	1974	1007744	693895	26965
right	1975	1030794	704128	28403
right	1976	1029887	711485	28739
right	1977	1055342	727730	28584
right	1978	1069855	735380	28589
right	1979	1093221	753477	29346
right	1980	1095271	753715	28789
right	1981	1059086	727488	27173
right	1982	1110704	761316	28803
right	1983	1191819	804280	29338
right	1984	1257814	859409	31214
right	1985	1259407	858909	31511
right	1986	1337672	908108	32778
right	1987	1393600	942954	33494
right	1988	1436854	984701	34638
right	1989	1450966	1005378	35938
right	1990	1624262	1108848	39200
right	1991	1560932	1075181	37548
right	1992	1659505	1141041	39251
right	1993	1681827	1152081	38688
right	1994	1845119	1256416	42988
right	1995	1934050	1327457	43511
right	1996	2115072	1447968	47727
right	1997	2199433	1500751	49014
right	1998	2380211	1630612	52723
right	1999	2535725	1742603	55665
right	2000	3164172	2188040	66029
right	2001	3411561	2357367	69574
right	2002	4048077	2792319	81370
right	2003	4687316	3253881	93761
right	2004	5178706	3628875	105042
right	2005	5057212	3548253	100392
right	2006	5201340	3622297	105229
right	2007	5630425	4006095	108777
right	2008	6332889	4627587	145899
poor	1520	26	21	1
poor	1541	1	1	1
poor	1574	7	6	1
poor	1575	4	4	2
poor	1576	1	1	1
poor	1581	6	6	1
poor	1584	21	19	1
poor	1586	73	57	1
poor	1588	1	1	1
poor	1592	34	29	2
poor	1602	2	2	1
poor	1611	2	2	1
poor	1618	11	11	2
poor	1620	23	21	1
poor	1621	10	7	1
poor	1630	27	23	1
poor	1631	1	1	1
poor	1632	8	7	1
poor	1634	2	2	2
poor	1635	44	35	2
poor	1637	73	62	1
poor	1638	12	11	2
poor	1639	6	5	1
poor	1640	4	4	1
poor	1642	29	28	1
poor	1644	23	17	2
poor	1647	8	8	2
poor	1648	34	27	1
poor	1649	19	18	3
poor	1651	188	132	2
poor	1653	11	8	1
poor	1654	1	1	1
poor	1658	20	18	3
poor	1659	4	4	1
poor	1660	122	91	4
poor	1661	19	19	1
poor	1663	129	101	5
poor	1664	78	68	2
poor	1665	9	9	5
poor	1666	144	118	4
poor	1667	133	117	3
poor	1668	77	67	2
poor	1669	58	48	2
poor	1670	45	43	3
poor	1671	123	94	1
poor	1672	5	5	1
poor	1673	32	24	3
poor	1674	138	109	2
poor	1675	29	28	4
poor	1676	55	48	2
poor	1677	146	104	4
poor	1678	32	30	3
poor	1679	46	30	1
poor	1680	27	24	3
poor	1681	155	132	3
poor	1682	67	55	2
poor	1683	139	102	6
poor	1684	30	27	4
poor	1685	158	124	5
poor	1686	68	57	4
poor	1687	4	4	3
poor	1688	26	23	4
poor	1689	28	28	5
poor	1690	13	13	2
poor	1692	34	28	1
poor	1693	9	9	4
poor	1694	24	23	4
poor	1695	25	25	2
poor	1696	12	10	4
poor	1697	7	7	2
poor	1698	58	58	5
poor	1699	52	47	8
poor	1700	122	99	6
poor	1701	125	109	12
poor	1702	114	102	18
poor	1703	204	151	12
poor	1704	85	72	14
poor	1705	162	149	20
poor	1706	67	65	12
poor	1707	119	109	9
poor	1708	396	346	18
poor	1709	43	42	9
poor	1710	170	144	18
poor	1711	120	112	21
poor	1712	40	36	6
poor	1713	110	96	18
poor	1714	216	191	26
poor	1715	69	62	16
poor	1716	82	72	15
poor	1717	173	142	22
poor	1718	119	110	23
poor	1719	410	258	19
poor	1720	239	217	31
poor	1721	174	153	21
poor	1722	156	144	28
poor	1723	134	125	23
poor	1724	306	226	18
poor	1725	262	246	33
poor	1726	500	421	48
poor	1727	542	464	48
poor	1728	349	310	44
poor	1729	437	402	47
poor	1730	306	270	46
poor	1731	437	387	41
poor	1732	307	262	41
poor	1733	172	148	40
poor	1734	172	151	34
poor	1735	408	353	40
poor	1736	341	273	30
poor	1737	366	322	37
poor	1738	420	348	52
poor	1739	528	445	82
poor	1740	306	277	51
poor	1741	315	267	36
poor	1742	385	334	48
poor	1743	413	373	54
poor	1744	582	476	66
poor	1745	337	302	61
poor	1746	257	239	49
poor	1747	1223	1070	87
poor	1748	238	218	50
poor	1749	545	465	59
poor	1750	850	752	83
poor	1751	852	713	75
poor	1752	709	589	72
poor	1753	1283	1025	101
poor	1754	1118	975	97
poor	1755	1567	1335	107
poor	1756	399	365	57
poor	1757	1020	844	91
poor	1758	1072	823	84
poor	1759	1036	925	91
poor	1760	1178	1038	86
poor	1761	587	496	62
poor	1762	502	463	50
poor	1763	760	633	62
poor	1764	1770	1061	89
poor	1765	1012	879	74
poor	1766	1517	1286	103
poor	1767	1415	1175	83
poor	1768	2092	1789	138
poor	1769	1068	926	93
poor	1770	1880	1650	129
poor	1771	1729	1397	99
poor	1772	1925	1660	103
poor	1773	632	556	91
poor	1774	1352	1042	99
poor	1775	1557	1204	108
poor	1776	1446	1245	138
poor	1777	1831	1560	140
poor	1778	1382	1101	86
poor	1779	1231	863	98
poor	1780	1657	1309	99
poor	1781	1302	1096	113
poor	1782	842	720	95
poor	1783	1222	1029	119
poor	1784	2739	2275	135
poor	1785	1728	1501	138
poor	1786	1451	1289	140
poor	1787	3217	2497	212
poor	1788	3396	2878	237
poor	1789	3434	3022	211
poor	1790	3366	2832	220
poor	1791	4329	3215	212
poor	1792	5891	4303	269
poor	1793	6289	4298	270
poor	1794	5844	4104	227
poor	1795	4878	3719	234
poor	1796	5755	4423	265
poor	1797	3581	2872	216
poor	1798	3073	2593	236
poor	1799	4313	3590	280
poor	1800	6113	5228	387
poor	1801	14552	11670	553
poor	1802	7021	5792	410
poor	1803	11877	9837	552
poor	1804	10646	8971	670
poor	1805	11362	9053	610
poor	1806	16337	13487	772
poor	1807	14259	11606	744
poor	1808	19642	16084	853
poor	1809	20170	15884	792
poor	1810	19787	15661	870
poor	1811	21085	16819	989
poor	1812	21447	17134	842
poor	1813	19814	15557	725
poor	1814	19006	15695	865
poor	1815	17390	14471	850
poor	1816	25794	20301	939
poor	1817	25685	19867	998
poor	1818	27607	20083	1086
poor	1819	24948	18372	1021
poor	1820	35729	28002	1277
poor	1821	26870	21282	1124
poor	1822	38782	30521	1497
poor	1823	34503	27182	1549
poor	1824	50549	40686	1782
poor	1825	46658	37805	1824
poor	1826	38629	30567	1466
poor	1827	37155	30079	1561
poor	1828	38947	30640	1575
poor	1829	42434	32709	1614
poor	1830	63637	48759	1959
poor	1831	54184	41391	1818
poor	1832	52626	41293	1869
poor	1833	50807	39301	1992
poor	1834	61347	45031	1924
poor	1835	63260	46960	2154
poor	1836	61105	47755	2268
poor	1837	57053	45551	1909
poor	1838	58044	45283	2007
poor	1839	73070	56768	2386
poor	1840	74463	55599	2320
poor	1841	64679	48489	2165
poor	1842	59902	46084	1898
poor	1843	62420	48179	2137
poor	1844	77755	58782	2362
poor	1845	78997	60596	2369
poor	1846	80128	61737	2521
poor	1847	72780	56321	2510
poor	1848	82975	63877	2692
poor	1849	80660	62779	2631
poor	1850	85457	65741	2826
poor	1851	84411	66531	2935
poor	1852	102374	78826	3228
poor	1853	110045	87220	3473
poor	1854	113607	89535	3690
poor	1855	91812	73882	3222
poor	1856	106760	83750	3453
poor	1857	100639	79037	3121
poor	1858	86619	68152	2882
poor	1859	92021	74129	3259
poor	1860	103715	82788	3541
poor	1861	79619	63589	2496
poor	1862	69475	55695	2364
poor	1863	68706	55026	2402
poor	1864	86550	68416	2977
poor	1865	80522	65278	3017
poor	1866	90064	71954	3141
poor	1867	91669	72325	3057
poor	1868	96957	76961	3180
poor	1869	119300	92626	3359
poor	1870	89206	71449	3161
poor	1871	97317	78420	3366
poor	1872	100665	79410	3412
poor	1873	98502	78463	3445
poor	1874	103450	83738	3843
poor	1875	105829	84810	3945
poor	1876	108086	87567	4197
poor	1877	103363	81993	3955
poor	1878	98223	80040	3951
poor	1879	99842	80927	4226
poor	1880	123447	100261	4896
poor	1881	119992	97304	5013
poor	1882	130546	106493	5256
poor	1883	163334	132011	5919
poor	1884	144062	114728	5674
poor	1885	146650	116161	5691
poor	1886	115059	93606	4866
poor	1887	140918	114521	5829
poor	1888	135318	109697	5618
poor	1889	122137	98800	5210
poor	1890	136989	111618	5729
poor	1891	148574	120345	6090
poor	1892	159319	130756	6796
poor	1893	156147	127455	6550
poor	1894	154145	124820	6484
poor	1895	167225	136142	7462
poor	1896	189467	154358	7770
poor	1897	170407	140885	7594
poor	1898	180524	147941	8027
poor	1899	220579	179787	9405
poor	1900	230877	192172	9768
poor	1901	212816	175209	9473
poor	1902	207028	170072	9774
poor	1903	201536	165429	9834
poor	1904	222653	180960	10466
poor	1905	195661	160242	10418
poor	1906	203032	167646	10346
poor	1907	204145	167980	10474
poor	1908	208492	170889	10813
poor	1909	180467	148182	9534
poor	1910	181381	150013	9756
poor	1911	177231	146829	10185
poor	1912	185719	153403	10817
poor	1913	166405	138508	10375
poor	1914	163493	136110	10357
poor	1915	136489	113692	9657
poor	1916	134519	112755	9841
poor	1917	142066	119122	9943
poor	1918	120080	100903	9118
poor	1919	132538	110589	9330
poor	1920	161132	134622	11016
poor	1921	134379	111390	9372
poor	1922	169960	139754	10907
poor	1923	142920	118164	8491
poor	1924	123630	102947	7830
poor	1925	135741	112206	8107
poor	1926	138147	113854	8177
poor	1927	144491	120002	8773
poor	1928	135606	112527	8727
poor	1929	136924	113237	8520
poor	1930	154261	121714	8970
poor	1931	133898	110969	8432
poor	1932	115956	96572	7382
poor	1933	102336	85232	6780
poor	1934	112023	92498	7081
poor	1935	131467	108847	7841
poor	1936	128284	106090	8190
poor	1937	130554	106962	8364
poor	1938	127657	104314	8118
poor	1939	124780	102222	8013
poor	1940	109875	90147	7587
poor	1941	102776	85022	7232
poor	1942	104750	85721	7161
poor	1943	89222	73844	6489
poor	1944	81938	68014	5975
poor	1945	94561	77191	6584
poor	1946	130447	107273	8642
poor	1947	153166	125341	9970
poor	1948	147430	121182	10057
poor	1949	163969	134729	10933
poor	1950	163882	134768	11070
poor	1951	155385	127793	10631
poor	1952	156787	128266	10661
poor	1953	150097	123899	10813
poor	1954	153234	127998	11265
poor	1955	165711	136483	11472
poor	1956	169038	140248	12100
poor	1957	184974	151394	13167
poor	1958	186322	153455	13279
poor	1959	187584	153734	13968
poor	1960	230911	188441	16539
poor	1961	237675	195236	17821
poor	1962	260534	214057	19030
poor	1963	274357	225139	20218
poor	1964	251543	204826	19597
poor	1965	308563	242056	21819
poor	1966	324179	256390	22817
poor	1967	347243	272859	24395
poor	1968	408842	310417	26641
poor	1969	383302	297551	25394
poor	1970	405598	309949	26246
poor	1971	396053	295623	24938
poor	1972	376102	286909	25831
poor	1973	369820	277278	24598
poor	1974	351378	266391	24077
poor	1975	353718	268517	25170
poor	1976	372163	280420	25494
poor	1977	365121	276697	25562
poor	1978	357446	273032	25615
poor	1979	379271	287028	26311
poor	1980	377387	285950	25882
poor	1981	357766	269190	24537
poor	1982	383775	291306	26040
poor	1983	385523	292867	26503
poor	1984	438409	327327	28176
poor	1985	412457	315528	28206
poor	1986	438689	328438	29481
poor	1987	446741	335160	30085
poor	1988	465349	350061	30954
poor	1989	468216	354352	32114
poor	1990	503814	381731	34858
poor	1991	492277	371029	33093
poor	1992	529421	399009	34925
poor	1993	545481	406101	34756
poor	1994	578470	431904	37624
poor	1995	615282	460903	38933
poor	1996	680097	506096	42707
poor	1997	693463	515770	43673
poor	1998	738005	549131	46820
poor	1999	768472	576414	49459
poor	2000	925700	691004	58395
poor	2001	968528	730344	61212
poor	2002	1055206	798914	71030
poor	2003	1206322	915573	81249
poor	2004	1419888	1089178	91928
poor	2005	1304266	995642	86784
poor	2006	1413264	1082482	90779
poor	2007	1657563	1286879	94728
poor	2008	2394350	1933881	134416
car	1581	1	1	1
car	1584	27	21	1
car	1586	2	2	1
car	1603	1	1	1
car	1631	13	13	1
car	1634	2	2	2
car	1635	1	1	1
car	1637	1	1	1
car	1638	1	1	1
car	1642	1	1	1
car	1644	5	5	1
car	1648	1	1	1
car	1649	1	1	1
car	1651	2	1	1
car	1666	1	1	1
car	1667	1	1	1
car	1669	2	2	1
car	1670	8	8	2
car	1672	1	1	1
car	1673	3	3	1
car	1674	7	7	1
car	1675	2	2	1
car	1676	1	1	1
car	1677	1	1	1
car	1678	2	2	1
car	1679	1	1	1
car	1680	1	1	1
car	1682	4	4	1
car	1683	4	4	1
car	1685	3	3	2
car	1688	1	1	1
car	1689	2	2	2
car	1693	3	3	1
car	1694	3	3	3
car	1695	1	1	1
car	1697	2	2	1
car	1698	3	3	1
car	1699	4	4	3
car	1700	4	4	3
car	1701	9	8	6
car	1702	4	4	4
car	1703	3	3	3
car	1704	4	3	3
car	1705	10	10	6
car	1706	5	5	3
car	1707	5	5	4
car	1708	3	3	2
car	1709	3	3	2
car	1710	7	7	4
car	1711	7	7	5
car	1713	31	18	5
car	1714	8	8	6
car	1715	1	1	1
car	1716	2	2	2
car	1717	8	8	4
car	1718	5	5	2
car	1719	8	8	5
car	1720	21	21	12
car	1721	5	5	4
car	1722	2	2	1
car	1723	7	7	6
car	1724	7	6	5
car	1725	17	17	10
car	1726	20	20	10
car	1727	24	24	19
car	1728	18	17	13
car	1729	15	15	12
car	1730	10	10	9
car	1731	43	43	14
car	1732	17	17	12
car	1733	7	7	6
car	1734	7	7	5
car	1735	11	11	9
car	1736	5	5	5
car	1737	14	14	8
car	1738	15	15	11
car	1739	49	49	26
car	1740	29	29	16
car	1741	8	8	6
car	1742	15	15	13
car	1743	12	12	10
car	1744	12	12	10
car	1745	24	23	15
car	1746	12	10	7
car	1747	126	120	37
car	1748	32	27	15
car	1749	31	25	18
car	1750	74	65	25
car	1751	46	46	29
car	1752	38	38	23
car	1753	40	40	28
car	1754	49	49	32
car	1755	54	52	37
car	1756	17	17	12
car	1757	87	76	29
car	1758	32	32	21
car	1759	107	101	39
car	1760	67	62	26
car	1761	21	21	14
car	1762	40	37	17
car	1763	32	32	22
car	1764	43	43	24
car	1765	23	23	19
car	1766	98	90	43
car	1767	81	80	40
car	1768	97	90	57
car	1769	76	76	37
car	1770	91	91	56
car	1771	76	74	34
car	1772	66	58	37
car	1773	312	224	35
car	1774	69	62	29
car	1775	100	91	42
car	1776	84	76	51
car	1777	147	129	61
car	1778	75	70	29
car	1779	260	110	39
car	1780	126	95	42
car	1781	73	65	38
car	1782	86	82	37
car	1783	102	88	41
car	1784	80	77	56
car	1785	99	94	51
car	1786	114	106	59
car	1787	246	234	111
car	1788	192	173	101
car	1789	134	132	76
car	1790	179	157	75
car	1791	200	169	93
car	1792	186	178	102
car	1793	150	145	97
car	1794	207	203	118
car	1795	192	179	90
car	1796	185	180	106
car	1797	224	177	79
car	1798	336	309	112
car	1799	298	277	115
car	1800	527	462	189
car	1801	576	523	291
car	1802	385	367	201
car	1803	541	521	285
car	1804	859	760	330
car	1805	575	508	261
car	1806	1014	907	401
car	1807	1014	910	360
car	1808	984	939	421
car	1809	947	864	379
car	1810	968	881	422
car	1811	999	933	506
car	1812	1044	925	396
car	1813	658	616	322
car	1814	1245	1114	457
car	1815	989	848	382
car	1816	1109	988	436
car	1817	1408	1073	443
car	1818	959	880	459
car	1819	1017	911	437
car	1820	1518	1342	578
car	1821	1014	918	473
car	1822	1419	1260	661
car	1823	1595	1398	678
car	1824	2268	1824	783
car	1825	2047	1751	759
car	1826	1911	1630	626
car	1827	1598	1431	648
car	1828	1445	1227	592
car	1829	1460	1344	631
car	1830	1904	1696	710
car	1831	1845	1563	681
car	1832	1773	1455	718
car	1833	1890	1590	707
car	1834	2067	1762	767
car	1835	2461	2057	863
car	1836	1998	1739	844
car	1837	2132	1818	764
car	1838	2702	2264	773
car	1839	2560	2228	976
car	1840	2853	2401	975
car	1841	2882	2349	879
car	1842	2420	2034	777
car	1843	2506	2112	887
car	1844	2938	2464	939
car	1845	3029	2511	984
car	1846	3269	2720	1084
car	1847	3373	2815	1011
car	1848	2854	2410	1065
car	1849	3296	2796	1110
car	1850	4099	3244	1185
car	1851	3851	3093	1239
car	1852	3825	3241	1346
car	1853	5344	4108	1472
car	1854	5511	4587	1686
car	1855	4557	3884	1417
car	1856	4621	3820	1584
car	1857	4149	3533	1340
car	1858	3728	3134	1188
car	1859	4626	3686	1402
car	1860	4644	3894	1533
car	1861	3420	2838	1055
car	1862	3222	2589	980
car	1863	3351	2862	1065
car	1864	4397	3504	1252
car	1865	4103	3386	1307
car	1866	5031	4137	1385
car	1867	4521	3609	1299
car	1868	4766	3775	1355
car	1869	6347	4762	1426
car	1870	5933	4510	1299
car	1871	6688	4991	1470
car	1872	5937	4660	1468
car	1873	6436	4934	1467
car	1874	8403	6100	1641
car	1875	7882	6119	1800
car	1876	6567	4931	1677
car	1877	7331	5401	1620
car	1878	8267	5385	1563
car	1879	6609	5112	1773
car	1880	8690	6378	2065
car	1881	9710	6860	2085
car	1882	8483	6612	2163
car	1883	9353	7292	2491
car	1884	11593	8232	2376
car	1885	10216	7191	2300
car	1886	10730	7247	2100
car	1887	16013	10159	2424
car	1888	12184	8352	2411
car	1889	12013	8235	2229
car	1890	12422	8650	2341
car	1891	13252	9233	2586
car	1892	17286	10928	2843
car	1893	16763	10363	2784
car	1894	16760	10422	2762
car	1895	16142	10713	3013
car	1896	22045	12753	3163
car	1897	23424	13673	3122
car	1898	22485	15736	3359
car	1899	25003	17820	4132
car	1900	25392	17415	4339
car	1901	25068	16670	4112
car	1902	33977	19346	4237
car	1903	34875	20021	4237
car	1904	43447	23999	4779
car	1905	45140	25951	4942
car	1906	42143	24989	4889
car	1907	48009	27632	4884
car	1908	47327	27883	5121
car	1909	46025	27108	4673
car	1910	49322	29217	5043
car	1911	63590	35675	5310
car	1912	57477	33486	5591
car	1913	54284	33270	5581
car	1914	47089	30003	5334
car	1915	64847	37619	5305
car	1916	64847	38374	5401
car	1917	65793	39487	5626
car	1918	57977	35814	5045
car	1919	63294	38552	5277
car	1920	71121	43526	6145
car	1921	62716	38105	5345
car	1922	72991	44695	6077
car	1923	49527	30603	4580
car	1924	64497	32860	4316
car	1925	53033	31722	4305
car	1926	58817	34496	4460
car	1927	64720	37210	4783
car	1928	60000	36453	4977
car	1929	64369	36106	4934
car	1930	57215	37289	5155
car	1931	63434	40110	4994
car	1932	57194	35461	4263
car	1933	52139	33229	3986
car	1934	55466	36035	4206
car	1935	66716	41322	4703
car	1936	66389	41180	4817
car	1937	65756	41754	5059
car	1938	61676	39569	5000
car	1939	58095	37538	4800
car	1940	63099	39631	4625
car	1941	71397	41670	4568
car	1942	63994	40059	4667
car	1943	60933	38370	4176
car	1944	48622	30573	3752
car	1945	57015	34824	3967
car	1946	71983	45347	5326
car	1947	79671	49366	6139
car	1948	76358	46518	5983
car	1949	82193	49412	6321
car	1950	93907	55346	6398
car	1951	85971	52182	6365
car	1952	86688	52154	6172
car	1953	86721	52115	6304
car	1954	97642	56806	6702
car	1955	96077	58756	6854
car	1956	96748	59169	7263
car	1957	108802	64598	7613
car	1958	97514	59935	7760
car	1959	98245	60314	7957
car	1960	114173	70367	9388
car	1961	115236	71410	9931
car	1962	129756	79046	10622
car	1963	124756	77379	11338
car	1964	116357	72404	10744
car	1965	135492	84951	12033
car	1966	139207	87573	12631
car	1967	158901	98772	13680
car	1968	172577	106821	15433
car	1969	159155	100235	14489
car	1970	170143	104701	15102
car	1971	157296	98127	14383
car	1972	155548	97586	14913
car	1973	156809	97739	14189
car	1974	166703	101407	14056
car	1975	167701	102351	14556
car	1976	169503	103902	14884
car	1977	165631	103176	15085
car	1978	171682	105265	14915
car	1979	180646	112737	15511
car	1980	184136	113899	15223
car	1981	182757	113159	14614
car	1982	188054	117028	15673
car	1983	199504	122586	15941
car	1984	201889	127592	17077
car	1985	219760	135892	17104
car	1986	219713	139386	17749
car	1987	235833	145753	18256
car	1988	246541	157409	19102
car	1989	268126	169024	19855
car	1990	283261	180448	21974
car	1991	273177	175783	20976
car	1992	286201	183902	22059
car	1993	294979	187757	22166
car	1994	340499	216104	25320
car	1995	346371	218624	25507
car	1996	378639	240151	28357
car	1997	415899	258786	29504
car	1998	449932	280145	32100
car	1999	481251	301492	34404
car	2000	659807	402585	41786
car	2001	735374	443716	44599
car	2002	884825	539977	51987
car	2003	1063129	639536	60090
car	2004	1131446	688299	65663
car	2005	1184268	718370	65445
car	2006	1104840	670176	64536
car	2007	1184916	723202	67341
car	2008	1033681	646260	75383
good	1520	65	43	1
good	1541	3	3	1
good	1574	36	34	1
good	1575	177	138	2
good	1576	14	14	1
good	1581	8	7	1
good	1584	365	200	1
good	1586	534	268	1
good	1588	29	23	1
good	1592	286	195	6
good	1593	16	15	1
good	1596	12	12	1
good	1603	304	240	1
good	1604	10	7	1
good	1608	6	6	1
good	1611	63	47	1
good	1612	72	42	2
good	1613	34	15	1
good	1618	77	52	2
good	1620	205	126	2
good	1621	9	7	1
good	1627	11	9	1
good	1630	117	87	1
good	1631	81	68	1
good	1632	71	52	1
good	1634	322	148	2
good	1635	258	158	2
good	1637	149	114	1
good	1638	110	82	2
good	1639	13	11	1
good	1640	88	62	2
good	1641	24	19	1
good	1642	262	188	2
good	1643	1	1	1
good	1644	412	307	2
good	1647	227	153	2
good	1648	213	183	2
good	1649	124	95	3
good	1651	512	330	2
good	1653	129	89	1
good	1654	2	2	1
good	1658	182	132	3
good	1659	10	9	1
good	1660	1014	558	6
good	1661	75	60	1
good	1663	574	299	5
good	1664	315	192	2
good	1665	183	145	5
good	1666	623	368	4
good	1667	705	447	3
good	1668	332	224	2
good	1669	336	216	2
good	1670	678	472	3
good	1671	175	123	1
good	1672	20	18	2
good	1673	282	234	3
good	1674	997	510	2
good	1675	407	332	4
good	1676	279	203	3
good	1677	400	277	4
good	1678	107	94	3
good	1679	140	109	1
good	1680	267	190	6
good	1681	344	246	4
good	1682	948	673	5
good	1683	1159	666	13
good	1684	241	184	6
good	1685	540	388	7
good	1686	213	178	6
good	1687	81	62	5
good	1688	344	236	5
good	1689	211	160	8
good	1690	264	172	2
good	1692	189	121	1
good	1693	132	121	5
good	1694	303	253	7
good	1695	394	267	4
good	1696	143	72	5
good	1697	184	144	3
good	1698	487	400	6
good	1699	678	525	13
good	1700	1840	1010	7
good	1701	1152	854	18
good	1702	1073	798	28
good	1703	1404	1085	18
good	1704	567	450	25
good	1705	1349	1012	25
good	1706	839	668	19
good	1707	976	749	20
good	1708	1600	1176	21
good	1709	241	202	14
good	1710	1910	1272	25
good	1711	1032	793	29
good	1712	335	242	10
good	1713	646	503	25
good	1714	1484	1170	40
good	1715	994	651	31
good	1716	778	577	30
good	1717	1049	777	40
good	1718	1186	958	33
good	1719	1592	1139	49
good	1720	2138	1634	50
good	1721	1286	993	37
good	1722	1785	1322	39
good	1723	1203	983	35
good	1724	2102	1612	33
good	1725	1751	1419	45
good	1726	3579	2713	58
good	1727	4266	3103	65
good	1728	2969	2265	62
good	1729	3494	2739	64
good	1730	3796	2412	71
good	1731	3570	2628	67
good	1732	3279	2457	67
good	1733	1432	1111	56
good	1734	1969	1518	57
good	1735	2717	2112	54
good	1736	1229	1040	47
good	1737	2429	1864	53
good	1738	3805	2702	65
good	1739	5950	4536	110
good	1740	3214	2313	67
good	1741	2231	1692	62
good	1742	2098	1672	69
good	1743	3872	2861	86
good	1744	5025	3584	90
good	1745	2601	2043	102
good	1746	1665	1303	71
good	1747	7461	5995	110
good	1748	2632	1896	65
good	1749	3678	2817	103
good	1750	7042	5127	108
good	1751	6450	4648	110
good	1752	4739	3521	96
good	1753	7331	5262	126
good	1754	8467	6320	115
good	1755	10382	7328	143
good	1756	2493	1930	91
good	1757	8691	5898	120
good	1758	6812	4586	105
good	1759	7703	6029	118
good	1760	6295	4968	112
good	1761	3840	2937	88
good	1762	3349	2486	67
good	1763	4311	3283	78
good	1764	4971	3879	103
good	1765	4364	3411	87
good	1766	8699	6708	122
good	1767	6562	5170	105
good	1768	12607	9538	153
good	1769	6235	5102	123
good	1770	10285	7791	147
good	1771	7969	6216	115
good	1772	9226	7153	122
good	1773	4812	3924	114
good	1774	6394	4956	142
good	1775	7864	5973	139
good	1776	7837	6260	164
good	1777	9759	7576	170
good	1778	6073	4756	107
good	1779	5599	4548	127
good	1780	6444	5122	129
good	1781	6112	4995	135
good	1782	5575	4316	121
good	1783	6293	5191	139
good	1784	11145	8618	163
good	1785	7849	6509	173
good	1786	8067	6590	158
good	1787	13053	10607	242
good	1788	17714	13614	272
good	1789	14842	11956	243
good	1790	16048	12881	277
good	1791	18942	13856	244
good	1792	17994	13917	299
good	1793	17515	13628	317
good	1794	17847	12966	280
good	1795	16545	12676	268
good	1796	19818	15389	315
good	1797	14021	10980	261
good	1798	15168	12050	300
good	1799	16550	13398	317
good	1800	25729	20943	430
good	1801	51615	39467	601
good	1802	31654	23955	449
good	1803	50517	37974	597
good	1804	51064	39971	761
good	1805	50377	38340	681
good	1806	61456	47901	821
good	1807	66426	50639	810
good	1808	89720	66183	917
good	1809	83719	60763	869
good	1810	85048	63143	947
good	1811	100675	72950	1074
good	1812	92462	66396	934
good	1813	70569	53290	791
good	1814	78643	60190	967
good	1815	78847	59554	952
good	1816	90359	65752	1030
good	1817	97375	70759	1116
good	1818	96757	71150	1179
good	1819	87870	65722	1127
good	1820	127073	94229	1379
good	1821	98882	73131	1215
good	1822	163915	117733	1620
good	1823	149237	108302	1640
good	1824	213103	151262	1926
good	1825	186133	134629	1995
good	1826	151237	110519	1585
good	1827	146441	109162	1708
good	1828	166139	118543	1728
good	1829	165228	120722	1772
good	1830	242333	164512	2106
good	1831	181539	129950	1989
good	1832	174566	131897	2049
good	1833	183864	133500	2192
good	1834	184150	135162	2110
good	1835	204686	148224	2363
good	1836	215525	158270	2469
good	1837	210930	149510	2130
good	1838	215290	152352	2216
good	1839	276591	194282	2598
good	1840	250677	176251	2555
good	1841	216624	152684	2379
good	1842	225258	150822	2111
good	1843	245705	167001	2337
good	1844	286779	194330	2577
good	1845	275471	190671	2574
good	1846	298038	201320	2775
good	1847	260981	184525	2724
good	1848	285573	203963	2951
good	1849	271445	196818	2868
good	1850	284039	202376	3120
good	1851	300860	217576	3204
good	1852	335977	241311	3553
good	1853	376732	273221	3810
good	1854	405253	287921	4011
good	1855	335784	242927	3501
good	1856	371683	266755	3801
good	1857	343513	244331	3403
good	1858	301662	218535	3199
good	1859	362458	250960	3578
good	1860	357180	258867	3863
good	1861	266319	194868	2791
good	1862	243105	174304	2709
good	1863	244954	175764	2715
good	1864	292737	215895	3297
good	1865	277413	207457	3393
good	1866	293185	219744	3480
good	1867	299160	219161	3382
good	1868	314498	230948	3525
good	1869	356418	258501	3730
good	1870	323535	224736	3505
good	1871	356247	249965	3750
good	1872	329577	241953	3853
good	1873	374364	258866	3917
good	1874	406746	288087	4291
good	1875	408989	292227	4465
good	1876	396198	291009	4684
good	1877	370302	274075	4529
good	1878	360150	265362	4493
good	1879	390540	284082	4846
good	1880	452236	335166	5463
good	1881	456787	338791	5642
good	1882	513407	365283	5918
good	1883	589805	428564	6664
good	1884	526005	386461	6407
good	1885	527742	388122	6478
good	1886	454127	336286	5571
good	1887	545525	401773	6533
good	1888	524118	387042	6341
good	1889	481791	355458	5924
good	1890	512950	381560	6466
good	1891	550173	408473	6857
good	1892	634354	459156	7628
good	1893	587166	433280	7390
good	1894	582393	427661	7337
good	1895	608529	455601	8388
good	1896	656346	491739	8740
good	1897	657215	485958	8582
good	1898	678167	509278	9080
good	1899	816709	605857	10385
good	1900	846619	631561	10816
good	1901	815296	608203	10625
good	1902	832061	617911	11038
good	1903	830630	621191	11090
good	1904	911255	682489	11911
good	1905	830878	617691	11971
good	1906	865231	639674	11799
good	1907	906347	648939	12011
good	1908	872461	653076	12330
good	1909	786721	571182	10872
good	1910	789744	586073	11150
good	1911	768786	579952	11634
good	1912	808750	606690	12358
good	1913	773097	585547	11937
good	1914	752379	564276	12041
good	1915	671248	501576	11318
good	1916	643229	487618	11544
good	1917	683651	516557	11634
good	1918	594230	444856	10595
good	1919	628163	475223	10652
good	1920	781094	587425	12623
good	1921	666952	497683	10758
good	1922	779512	583475	12441
good	1923	631614	470914	9669
good	1924	579858	429693	8976
good	1925	602068	447025	9239
good	1926	593081	440812	9393
good	1927	663866	491754	10091
good	1928	631693	469283	10067
good	1929	626082	464488	9836
good	1930	656955	489339	10355
good	1931	618864	460685	9705
good	1932	538312	403432	8500
good	1933	476275	353961	7926
good	1934	510994	381154	8268
good	1935	593288	439513	9031
good	1936	589014	438428	9422
good	1937	606279	450548	9562
good	1938	594336	441397	9478
good	1939	586501	436350	9323
good	1940	545239	404551	8856
good	1941	528541	380393	8394
good	1942	528085	386399	8338
good	1943	454787	334598	7527
good	1944	427661	311880	6976
good	1945	511856	356881	7657
good	1946	653179	472467	10107
good	1947	771882	555490	11690
good	1948	759552	549271	11848
good	1949	813962	587876	12798
good	1950	837110	607160	13025
good	1951	809252	585420	12439
good	1952	831912	589996	12400
good	1953	797240	574466	12567
good	1954	818537	594573	13085
good	1955	850496	617235	13626
good	1956	866032	630817	14125
good	1957	922811	674141	15263
good	1958	932031	680342	15543
good	1959	912938	672198	16433
good	1960	1076928	790986	19378
good	1961	1146971	842345	20803
good	1962	1231821	900682	22341
good	1963	1284489	940087	23725
good	1964	1157054	853827	22860
good	1965	1331512	973123	25262
good	1966	1353348	1004439	26496
good	1967	1426392	1052214	28375
good	1968	1520047	1140885	30752
good	1969	1460915	1085326	29009
good	1970	1477867	1101474	30050
good	1971	1344733	1006224	28533
good	1972	1326158	995164	29559
good	1973	1275066	950646	28227
good	1974	1220993	909084	27614
good	1975	1236395	918664	29029
good	1976	1266529	939312	29346
good	1977	1256260	936460	29307
good	1978	1247832	930838	29284
good	1979	1275782	953181	30016
good	1980	1284372	956150	29474
good	1981	1232938	912194	27809
good	1982	1295385	958155	29419
good	1983	1325229	979336	30058
good	1984	1452249	1068489	31907
good	1985	1408355	1047183	32126
good	1986	1505647	1108047	33360
good	1987	1523954	1126441	34064
good	1988	1583758	1170150	35239
good	1989	1624763	1200023	36528
good	1990	1754362	1300439	39812
good	1991	1712158	1264945	38022
good	1992	1829797	1354126	39662
good	1993	1837159	1352390	39233
good	1994	1970616	1455282	43436
good	1995	2128981	1557270	43960
good	1996	2338972	1714401	48184
good	1997	2429891	1769782	49516
good	1998	2669819	1932199	53260
good	1999	2811105	2054189	56108
good	2000	3493394	2553818	66285
good	2001	3721935	2731117	69910
good	2002	4305292	3157515	81623
good	2003	5166588	3758687	94244
good	2004	5943811	4326654	105559
good	2005	5629440	4121625	100636
good	2006	6024500	4378985	105515
good	2007	6844782	4979099	109165
good	2008	8962145	6625313	146655
left	1520	11	10	1
left	1541	4	4	1
left	1574	8	7	1
left	1575	190	154	2
left	1576	6	6	1
left	1581	18	15	1
left	1584	23	22	1
left	1586	32	29	1
left	1588	8	7	1
left	1592	84	75	6
left	1593	4	4	1
left	1596	6	6	1
left	1603	48	45	1
left	1608	3	3	1
left	1611	10	8	1
left	1612	8	8	2
left	1613	6	5	1
left	1614	1	1	1
left	1618	29	25	2
left	1620	10	10	2
left	1621	6	4	1
left	1627	8	7	1
left	1630	24	22	1
left	1631	64	55	1
left	1632	26	23	1
left	1634	20	18	2
left	1635	80	71	2
left	1637	78	67	1
left	1638	65	53	2
left	1639	4	4	1
left	1640	17	16	2
left	1641	4	4	1
left	1642	64	53	2
left	1643	1	1	1
left	1644	94	84	2
left	1647	61	59	2
left	1648	120	116	2
left	1649	80	72	3
left	1651	136	113	2
left	1653	14	13	1
left	1654	5	5	1
left	1658	24	22	3
left	1659	9	9	1
left	1660	91	83	6
left	1661	17	16	1
left	1663	119	108	5
left	1664	60	53	2
left	1665	16	16	5
left	1666	130	110	4
left	1667	190	174	3
left	1668	109	98	2
left	1669	87	75	2
left	1670	207	184	3
left	1671	79	64	1
left	1672	20	19	2
left	1673	248	202	3
left	1674	138	118	2
left	1675	345	275	4
left	1676	93	70	3
left	1677	57	50	4
left	1678	33	30	3
left	1679	48	40	1
left	1680	77	63	6
left	1681	112	100	4
left	1682	504	404	5
left	1683	326	284	10
left	1684	83	76	6
left	1685	281	227	7
left	1686	101	87	6
left	1687	50	44	5
left	1688	76	70	4
left	1689	68	64	7
left	1690	54	44	2
left	1692	20	20	1
left	1693	66	63	5
left	1694	190	171	7
left	1695	44	42	4
left	1696	16	15	4
left	1697	101	84	3
left	1698	299	268	6
left	1699	232	211	12
left	1700	340	275	7
left	1701	318	286	15
left	1702	285	257	23
left	1703	904	710	18
left	1704	271	235	25
left	1705	532	473	25
left	1706	307	265	17
left	1707	227	211	20
left	1708	387	358	21
left	1709	137	119	12
left	1710	419	381	20
left	1711	474	434	26
left	1712	95	86	10
left	1713	324	273	22
left	1714	648	585	35
left	1715	306	286	26
left	1716	141	136	24
left	1717	376	345	35
left	1718	369	343	31
left	1719	720	569	45
left	1720	571	518	43
left	1721	385	341	34
left	1722	366	345	34
left	1723	578	511	35
left	1724	651	577	27
left	1725	521	488	44
left	1726	1232	1110	59
left	1727	1648	1389	61
left	1728	1305	1140	58
left	1729	1170	1056	61
left	1730	998	900	69
left	1731	1421	1179	62
left	1732	835	765	67
left	1733	449	410	51
left	1734	744	684	52
left	1735	1370	894	55
left	1736	562	511	45
left	1737	774	702	54
left	1738	1171	1015	57
left	1739	2706	2349	102
left	1740	1000	901	59
left	1741	965	840	59
left	1742	1325	1098	67
left	1743	1309	1178	77
left	1744	1295	1169	89
left	1745	1412	1189	91
left	1746	657	594	73
left	1747	5661	4681	104
left	1748	964	893	68
left	1749	1688	1487	100
left	1750	3523	2826	109
left	1751	2091	1865	105
left	1752	1597	1425	94
left	1753	3437	2993	120
left	1754	3110	2693	108
left	1755	3318	2928	136
left	1756	1124	1019	84
left	1757	3462	2715	117
left	1758	3154	2735	105
left	1759	3979	3239	119
left	1760	3322	2603	108
left	1761	1872	1474	80
left	1762	1501	1219	64
left	1763	2157	1658	70
left	1764	1755	1550	97
left	1765	1739	1583	79
left	1766	3877	3304	117
left	1767	3210	2804	102
left	1768	3961	3541	151
left	1769	2910	2596	117
left	1770	4199	3766	142
left	1771	3923	3281	113
left	1772	3793	3272	120
left	1773	2851	2503	111
left	1774	3104	2728	135
left	1775	3532	3071	135
left	1776	3043	2776	159
left	1777	3769	3434	161
left	1778	2628	2373	98
left	1779	3386	3014	126
left	1780	3238	2798	123
left	1781	3509	3046	133
left	1782	2758	2490	121
left	1783	3481	3118	133
left	1784	5540	4837	159
left	1785	5009	4256	174
left	1786	4106	3658	156
left	1787	8535	7372	236
left	1788	9916	8115	265
left	1789	8279	7404	238
left	1790	9434	8242	265
left	1791	7718	6846	243
left	1792	8024	7189	297
left	1793	7154	6343	299
left	1794	7687	6783	274
left	1795	8436	7427	264
left	1796	9675	8495	315
left	1797	7276	6403	255
left	1798	6917	6207	283
left	1799	9737	8605	313
left	1800	14630	12637	423
left	1801	22597	19761	605
left	1802	17177	14785	450
left	1803	22750	19900	596
left	1804	28007	24245	752
left	1805	23851	20430	669
left	1806	33617	29286	819
left	1807	28052	24688	797
left	1808	35197	30687	916
left	1809	33565	28168	864
left	1810	35659	30279	946
left	1811	43124	35583	1062
left	1812	41792	34528	921
left	1813	35179	29731	790
left	1814	46135	37183	967
left	1815	42758	34660	944
left	1816	47504	38886	1020
left	1817	48194	39542	1097
left	1818	48627	40287	1170
left	1819	38921	33309	1111
left	1820	62943	53614	1372
left	1821	49335	40945	1210
left	1822	66682	55892	1611
left	1823	68941	58775	1627
left	1824	81575	70291	1910
left	1825	89285	75744	1993
left	1826	65086	56241	1582
left	1827	78436	65890	1702
left	1828	74662	63300	1703
left	1829	77788	65667	1760
left	1830	96386	82406	2091
left	1831	88084	75073	1975
left	1832	88979	75260	2045
left	1833	84901	72281	2175
left	1834	94754	79601	2099
left	1835	106485	88082	2338
left	1836	114066	93178	2445
left	1837	96584	80873	2110
left	1838	107194	88791	2186
left	1839	124322	102438	2581
left	1840	123041	101889	2534
left	1841	116343	94419	2351
left	1842	111222	88177	2097
left	1843	116946	95588	2312
left	1844	136273	110133	2557
left	1845	139150	112263	2559
left	1846	143150	116058	2732
left	1847	137067	111712	2702
left	1848	144888	118331	2926
left	1849	145158	119781	2839
left	1850	152379	124245	3104
left	1851	159059	131731	3174
left	1852	182355	148625	3524
left	1853	200886	166483	3773
left	1854	210659	173762	3985
left	1855	180781	147296	3478
left	1856	207591	167550	3772
left	1857	187439	153558	3377
left	1858	170105	137311	3162
left	1859	186650	151705	3559
left	1860	201987	162723	3816
left	1861	157335	121781	2766
left	1862	164924	119180	2671
left	1863	143411	108558	2696
left	1864	180252	138755	3286
left	1865	178479	138063	3352
left	1866	200357	152725	3467
left	1867	179299	139219	3360
left	1868	179954	141726	3495
left	1869	189804	151342	3684
left	1870	166215	134599	3459
left	1871	184864	150094	3724
left	1872	179521	145957	3817
left	1873	188762	153505	3889
left	1874	211059	172730	4236
left	1875	223286	180080	4456
left	1876	224647	182380	4668
left	1877	207449	168405	4517
left	1878	202801	163227	4477
left	1879	220279	175288	4788
left	1880	262551	211490	5439
left	1881	267250	213355	5577
left	1882	287987	229056	5859
left	1883	309957	252905	6605
left	1884	298653	234931	6349
left	1885	306593	242331	6420
left	1886	266716	213765	5506
left	1887	288946	236949	6493
left	1888	292139	236261	6285
left	1889	270235	219063	5890
left	1890	296377	239539	6417
left	1891	304686	246401	6785
left	1892	345436	277534	7574
left	1893	322005	259917	7343
left	1894	328384	266103	7295
left	1895	347589	281396	8309
left	1896	371241	303069	8674
left	1897	370224	300811	8499
left	1898	383938	316520	8998
left	1899	434135	358398	10313
left	1900	469956	385161	10724
left	1901	467219	377154	10565
left	1902	451726	371090	10902
left	1903	449363	366302	10970
left	1904	505989	410674	11750
left	1905	476289	382070	11805
left	1906	470191	381626	11633
left	1907	493533	393628	11853
left	1908	474614	386804	12114
left	1909	412043	332485	10707
left	1910	433226	350237	10980
left	1911	435190	351767	11411
left	1912	447283	358313	12184
left	1913	425090	337955	11719
left	1914	429852	338221	11798
left	1915	361277	291467	11058
left	1916	364032	290896	11298
left	1917	382948	301652	11385
left	1918	328157	260959	10429
left	1919	349733	283129	10505
left	1920	431061	344929	12428
left	1921	365751	290809	10619
left	1922	415578	334951	12215
left	1923	342964	279614	9494
left	1924	306709	248821	8848
left	1925	314392	257682	9078
left	1926	316077	258800	9207
left	1927	345600	284622	9898
left	1928	339514	276101	9864
left	1929	337842	276259	9651
left	1930	363568	295691	10092
left	1931	339751	275866	9528
left	1932	303641	246076	8357
left	1933	269321	220567	7737
left	1934	285326	232308	8041
left	1935	330714	270850	8815
left	1936	334729	271998	9232
left	1937	332730	270996	9408
left	1938	327370	263909	9254
left	1939	321974	261165	9079
left	1940	303961	245513	8634
left	1941	272948	222344	8214
left	1942	297197	235346	8155
left	1943	262156	209295	7340
left	1944	238106	188903	6833
left	1945	261312	209607	7530
left	1946	354046	283988	9857
left	1947	420809	334060	11395
left	1948	407158	323693	11520
left	1949	443811	350855	12477
left	1950	457147	362406	12707
left	1951	434570	346408	12125
left	1952	460498	360695	12086
left	1953	443879	348556	12276
left	1954	457061	364323	12791
left	1955	487665	386122	13311
left	1956	503634	395302	13755
left	1957	540514	425573	14915
left	1958	560628	435338	15091
left	1959	561515	437832	15993
left	1960	664553	514884	18844
left	1961	690377	541471	20288
left	1962	747234	583330	21759
left	1963	786164	610734	23196
left	1964	715687	559109	22419
left	1965	825496	643094	24733
left	1966	865895	667191	25976
left	1967	926618	719457	27837
left	1968	1004022	775155	30355
left	1969	942296	733503	28515
left	1970	929299	735634	29456
left	1971	875964	682886	27952
left	1972	876526	675309	29006
left	1973	843721	649264	27626
left	1974	822382	625440	27042
left	1975	853588	640240	28466
left	1976	868104	656315	28787
left	1977	872952	658278	28630
left	1978	885912	666398	28723
left	1979	905240	680777	29448
left	1980	927993	691190	28955
left	1981	879472	656200	27261
left	1982	919131	686491	28818
left	1983	988950	723162	29451
left	1984	1037368	768234	31333
left	1985	1046921	771726	31541
left	1986	1091181	805216	32747
left	1987	1099981	820325	33428
left	1988	1155944	864862	34583
left	1989	1186495	887937	35874
left	1990	1308507	964879	38995
left	1991	1255814	934236	37258
left	1992	1324572	988654	38965
left	1993	1315980	979226	38461
left	1994	1433722	1063737	42230
left	1995	1489351	1115920	43219
left	1996	1622043	1213151	47336
left	1997	1685643	1256794	48675
left	1998	1788372	1342669	52193
left	1999	1887520	1427505	55169
left	2000	2377215	1790569	65418
left	2001	2565205	1933841	68974
left	2002	2982796	2241387	80475
left	2003	3421124	2582899	92877
left	2004	3901143	2965217	104066
left	2005	3679129	2823518	99045
left	2006	3892511	2952779	103941
left	2007	4250886	3328570	107458
left	2008	5035826	4071267	144755
old	1520	12	11	1
old	1527	2	2	1
old	1541	4	4	1
old	1574	33	29	1
old	1575	91	85	2
old	1576	1	1	1
old	1581	25	20	1
old	1584	52	48	1
old	1586	125	91	1
old	1588	9	9	1
old	1592	145	122	6
old	1593	5	5	1
old	1603	49	47	1
old	1604	1	1	1
old	1608	2	1	1
old	1611	55	46	1
old	1612	3	3	1
old	1613	2	2	1
old	1618	16	16	2
old	1620	13	8	2
old	1621	3	3	1
old	1627	5	5	1
old	1630	20	16	1
old	1631	330	238	1
old	1632	14	11	1
old	1634	56	48	2
old	1635	88	75	2
old	1637	117	98	1
old	1638	167	89	2
old	1639	3	2	1
old	1640	37	29	2
old	1642	130	108	2
old	1643	6	4	1
old	1644	86	72	2
old	1647	50	35	2
old	1648	186	145	2
old	1649	63	55	3
old	1651	548	291	2
old	1653	18	17	1
old	1654	2	2	1
old	1658	19	18	3
old	1659	7	6	1
old	1660	94	79	6
old	1661	38	31	1
old	1663	134	116	5
old	1664	57	51	2
old	1665	25	21	5
old	1666	93	78	4
old	1667	107	95	3
old	1668	59	56	2
old	1669	64	53	2
old	1670	212	177	3
old	1671	24	22	1
old	1672	11	11	2
old	1673	69	66	3
old	1674	106	89	2
old	1675	143	129	4
old	1676	27	24	3
old	1677	44	41	4
old	1678	44	40	2
old	1679	33	29	1
old	1680	38	32	3
old	1681	71	55	3
old	1682	133	111	5
old	1683	226	180	10
old	1684	79	65	5
old	1685	131	109	5
old	1686	108	82	4
old	1687	16	14	5
old	1688	60	55	5
old	1689	111	84	8
old	1690	29	27	2
old	1692	24	20	1
old	1693	33	30	4
old	1694	52	48	7
old	1695	43	38	4
old	1696	34	24	5
old	1697	80	66	2
old	1698	128	110	6
old	1699	86	84	10
old	1700	230	188	7
old	1701	317	272	17
old	1702	258	218	23
old	1703	471	370	14
old	1704	102	94	19
old	1705	399	343	17
old	1706	146	123	13
old	1707	100	97	14
old	1708	237	199	17
old	1709	37	33	10
old	1710	259	219	15
old	1711	274	241	14
old	1712	38	36	7
old	1713	196	166	18
old	1714	371	327	28
old	1715	198	165	16
old	1716	92	77	18
old	1717	262	230	31
old	1718	207	184	28
old	1719	495	328	36
old	1720	670	558	34
old	1721	233	199	24
old	1722	429	347	33
old	1723	248	225	27
old	1724	329	280	24
old	1725	617	493	36
old	1726	971	828	51
old	1727	996	827	56
old	1728	1126	947	49
old	1729	778	685	48
old	1730	624	559	55
old	1731	1159	920	59
old	1732	445	399	53
old	1733	424	363	40
old	1734	424	348	43
old	1735	612	515	49
old	1736	378	331	33
old	1737	500	430	45
old	1738	619	527	55
old	1739	1747	1393	96
old	1740	623	529	54
old	1741	749	616	48
old	1742	737	626	61
old	1743	988	827	72
old	1744	917	777	76
old	1745	947	762	69
old	1746	622	482	53
old	1747	3274	2785	102
old	1748	926	800	56
old	1749	1474	1215	89
old	1750	2150	1728	93
old	1751	1579	1356	95
old	1752	1576	1310	80
old	1753	2309	1982	104
old	1754	3085	2485	102
old	1755	2941	2283	119
old	1756	836	708	67
old	1757	2303	1861	97
old	1758	1511	1266	92
old	1759	2983	2395	101
old	1760	2175	1852	102
old	1761	1121	923	73
old	1762	989	853	61
old	1763	1383	1159	71
old	1764	1767	1388	88
old	1765	1557	1363	78
old	1766	2720	2289	108
old	1767	2313	1956	97
old	1768	4192	3567	141
old	1769	1695	1482	115
old	1770	3617	3048	138
old	1771	2999	2570	107
old	1772	2626	2286	109
old	1773	2493	2037	105
old	1774	2530	2114	123
old	1775	2615	2260	126
old	1776	3187	2761	150
old	1777	2902	2554	150
old	1778	2175	1873	95
old	1779	2056	1786	110
old	1780	2513	2161	118
old	1781	2814	2398	127
old	1782	2236	1950	111
old	1783	2745	2394	128
old	1784	4457	3675	145
old	1785	3361	2854	155
old	1786	3457	2927	155
old	1787	5744	4850	224
old	1788	7438	6275	260
old	1789	5117	4580	228
old	1790	6636	5567	255
old	1791	6373	5287	233
old	1792	7725	6554	284
old	1793	6524	5550	283
old	1794	6954	5889	256
old	1795	6552	5505	250
old	1796	7536	6300	306
old	1797	6113	5049	246
old	1798	5746	4997	265
old	1799	7612	6438	301
old	1800	12906	10826	420
old	1801	21464	17810	596
old	1802	13378	10984	442
old	1803	20886	17310	594
old	1804	20030	17106	744
old	1805	20022	16827	672
old	1806	26989	23041	821
old	1807	28773	23510	791
old	1808	36976	30106	900
old	1809	30285	24693	854
old	1810	29082	23918	938
old	1811	37749	31448	1052
old	1812	34815	28428	916
old	1813	32444	26573	780
old	1814	36706	30105	951
old	1815	31812	26215	936
old	1816	40584	33725	1007
old	1817	38875	31649	1097
old	1818	39379	33277	1164
old	1819	36355	29974	1102
old	1820	56354	45464	1362
old	1821	44029	35572	1198
old	1822	68147	54619	1595
old	1823	65364	53009	1607
old	1824	82333	66301	1896
old	1825	81326	65705	1957
old	1826	66013	53011	1548
old	1827	67612	55328	1673
old	1828	67183	54205	1679
old	1829	75640	60720	1735
old	1830	89647	72130	2061
old	1831	97736	75127	1955
old	1832	90027	70856	2019
old	1833	85869	67429	2128
old	1834	103355	79343	2073
old	1835	106165	83180	2315
old	1836	108555	85320	2413
old	1837	107198	82933	2076
old	1838	108450	84336	2164
old	1839	127287	98434	2549
old	1840	131096	98690	2510
old	1841	123800	92837	2338
old	1842	121281	89025	2072
old	1843	122283	92829	2297
old	1844	149330	112074	2534
old	1845	150193	113885	2541
old	1846	154663	116899	2728
old	1847	138956	105591	2686
old	1848	160084	120708	2891
old	1849	179911	134534	2816
old	1850	176028	131472	3068
old	1851	186314	141152	3160
old	1852	219991	163573	3509
old	1853	239700	178430	3764
old	1854	253385	190568	3962
old	1855	210777	158552	3457
old	1856	236359	178125	3745
old	1857	226129	169325	3365
old	1858	198686	148241	3161
old	1859	223619	168484	3519
old	1860	251589	186519	3832
old	1861	179845	134387	2749
old	1862	168500	125521	2662
old	1863	172866	127386	2673
old	1864	216574	159252	3239
old	1865	209952	156920	3330
old	1866	224721	166652	3456
old	1867	224661	164522	3331
old	1868	237877	171902	3466
old	1869	283133	200163	3682
old	1870	224117	165361	3448
old	1871	247633	184238	3712
old	1872	251789	186530	3806
old	1873	265482	194299	3850
old	1874	299350	219716	4229
old	1875	302286	223554	4418
old	1876	308811	231356	4632
old	1877	285592	213016	4461
old	1878	287238	213269	4455
old	1879	292019	217255	4755
old	1880	363868	269551	5386
old	1881	356328	262763	5559
old	1882	407273	297391	5868
old	1883	455975	333003	6594
old	1884	419209	304124	6300
old	1885	414577	301045	6372
old	1886	362257	266757	5482
old	1887	431034	315813	6466
old	1888	407854	300656	6241
old	1889	384973	280679	5818
old	1890	410656	300570	6374
old	1891	460023	333110	6755
old	1892	507857	373628	7505
old	1893	477296	348120	7288
old	1894	475933	343105	7239
old	1895	500648	371007	8250
old	1896	557299	410428	8591
old	1897	538041	394582	8459
old	1898	574263	421379	8889
old	1899	662608	487977	10237
old	1900	728750	529398	10642
old	1901	689099	500480	10440
old	1902	665962	493677	10869
old	1903	642577	476924	10961
old	1904	716350	525700	11719
old	1905	638854	475563	11678
old	1906	678405	504029	11560
old	1907	699858	515281	11731
old	1908	704779	517643	12045
old	1909	594843	437931	10630
old	1910	647101	472475	10870
old	1911	629778	463296	11356
old	1912	651886	484137	12083
old	1913	623023	460682	11636
old	1914	607860	447208	11763
old	1915	507524	378838	11017
old	1916	508702	378509	11216
old	1917	530341	391506	11339
old	1918	459945	342917	10321
old	1919	506341	375712	10420
old	1920	622635	462459	12388
old	1921	538697	395888	10542
old	1922	659009	474302	12201
old	1923	535658	389416	9413
old	1924	465323	343026	8735
old	1925	503453	365395	9003
old	1926	494856	359424	9141
old	1927	545435	398048	9857
old	1928	515765	378730	9760
old	1929	517717	379781	9580
old	1930	551337	402944	10009
old	1931	525516	381167	9414
old	1932	445424	325497	8224
old	1933	405772	294484	7622
old	1934	447055	322689	8001
old	1935	526220	376460	8765
old	1936	507399	367099	9163
old	1937	510860	371027	9274
old	1938	491843	355359	9118
old	1939	487770	353346	8993
old	1940	440913	320251	8467
old	1941	406597	297233	8057
old	1942	413741	297878	8032
old	1943	362584	261627	7169
old	1944	330234	238972	6737
old	1945	381126	270639	7417
old	1946	515098	366080	9664
old	1947	592572	420192	11150
old	1948	567660	407227	11260
old	1949	603289	434802	12104
old	1950	618264	447240	12318
old	1951	586985	424418	11759
old	1952	599040	431338	11725
old	1953	576937	416347	11944
old	1954	605788	436653	12434
old	1955	636370	458004	12966
old	1956	648638	468736	13431
old	1957	690803	499970	14550
old	1958	670427	488762	14730
old	1959	701000	508730	15508
old	1960	820456	598124	18238
old	1961	856457	623172	19501
old	1962	912445	669168	20873
old	1963	952232	698919	22416
old	1964	854350	630384	21580
old	1965	991578	726727	23878
old	1966	1026372	755491	25083
old	1967	1094466	808803	26986
old	1968	1208597	891374	29367
old	1969	1136927	840728	27711
old	1970	1174662	863227	28751
old	1971	1053546	779007	27165
old	1972	1058115	775139	28071
old	1973	1004103	733240	26826
old	1974	967744	700582	26183
old	1975	962961	704095	27686
old	1976	1007232	731224	27970
old	1977	1007507	728430	27881
old	1978	1004348	722274	27941
old	1979	1006587	725654	28518
old	1980	1018385	732229	28076
old	1981	946185	684756	26421
old	1982	1015970	732928	27970
old	1983	1034391	743755	28488
old	1984	1078465	783552	30291
old	1985	1089450	786169	30427
old	1986	1104687	804035	31616
old	1987	1137048	826653	32248
old	1988	1184769	864529	33479
old	1989	1210759	885627	34692
old	1990	1320442	961258	37791
old	1991	1273172	933553	36217
old	1992	1365811	995898	37910
old	1993	1352674	993151	37342
old	1994	1477344	1078366	41670
old	1995	1514803	1114847	42088
old	1996	1667952	1227435	46079
old	1997	1679967	1241718	47444
old	1998	1802665	1332704	51142
old	1999	1902715	1412563	54030
old	2000	2328094	1725645	63904
old	2001	2469185	1835567	67467
old	2002	2784790	2071185	78803
old	2003	3255661	2418672	90843
old	2004	3936804	2884270	102066
old	2005	3651526	2706337	97335
old	2006	3846335	2846047	101926
old	2007	4742521	3436655	105388
old	2008	6585992	4786596	142685
rich	1520	8	6	1
rich	1574	3	3	1
rich	1575	2	2	2
rich	1581	13	10	1
rich	1584	5	5	1
rich	1586	59	47	1
rich	1588	14	10	1
rich	1592	22	21	5
rich	1596	1	1	1
rich	1603	20	20	1
rich	1604	2	2	1
rich	1612	3	3	1
rich	1613	2	2	1
rich	1618	4	4	1
rich	1620	7	7	1
rich	1630	8	8	1
rich	1631	25	21	1
rich	1632	4	4	1
rich	1634	32	28	2
rich	1635	38	32	2
rich	1637	5	5	1
rich	1638	10	9	2
rich	1640	7	7	1
rich	1641	1	1	1
rich	1642	31	29	2
rich	1644	13	12	2
rich	1647	3	3	2
rich	1648	33	29	2
rich	1649	5	5	3
rich	1651	24	21	2
rich	1653	7	5	1
rich	1654	1	1	1
rich	1658	7	7	1
rich	1659	1	1	1
rich	1660	101	79	5
rich	1661	12	11	1
rich	1663	11	11	5
rich	1664	42	39	2
rich	1665	7	6	5
rich	1666	30	23	4
rich	1667	32	30	3
rich	1668	40	37	2
rich	1669	14	13	2
rich	1670	35	32	3
rich	1671	19	17	1
rich	1672	8	7	2
rich	1673	34	32	3
rich	1674	85	69	2
rich	1675	62	54	2
rich	1676	18	13	2
rich	1677	56	49	4
rich	1678	5	5	1
rich	1679	10	10	1
rich	1680	14	14	2
rich	1681	61	49	2
rich	1682	16	16	3
rich	1683	63	44	4
rich	1684	23	19	3
rich	1685	61	54	3
rich	1686	91	77	3
rich	1687	3	3	1
rich	1688	9	8	2
rich	1689	10	10	4
rich	1690	5	5	2
rich	1692	13	8	1
rich	1693	6	6	3
rich	1694	3	3	2
rich	1695	8	8	2
rich	1696	9	6	2
rich	1697	4	4	1
rich	1698	27	27	5
rich	1699	15	15	5
rich	1700	119	87	6
rich	1701	70	61	10
rich	1702	66	61	9
rich	1703	53	45	7
rich	1704	13	13	6
rich	1705	83	77	16
rich	1706	41	39	8
rich	1707	38	36	8
rich	1708	38	37	9
rich	1709	2	2	2
rich	1710	111	84	14
rich	1711	67	63	12
rich	1712	59	27	4
rich	1713	83	51	13
rich	1714	96	91	19
rich	1715	22	19	9
rich	1716	34	30	7
rich	1717	73	68	10
rich	1718	86	77	16
rich	1719	105	90	15
rich	1720	55	51	15
rich	1721	74	65	17
rich	1722	91	81	19
rich	1723	67	61	11
rich	1724	127	110	13
rich	1725	143	129	25
rich	1726	413	331	37
rich	1727	428	387	45
rich	1728	212	187	31
rich	1729	166	156	38
rich	1730	166	145	27
rich	1731	278	243	29
rich	1732	165	144	25
rich	1733	89	75	23
rich	1734	141	122	25
rich	1735	162	151	28
rich	1736	125	110	19
rich	1737	204	177	32
rich	1738	240	180	38
rich	1739	638	577	70
rich	1740	175	155	37
rich	1741	204	174	36
rich	1742	175	155	31
rich	1743	163	146	39
rich	1744	369	294	54
rich	1745	189	175	41
rich	1746	133	124	28
rich	1747	1470	1284	73
rich	1748	115	104	40
rich	1749	333	300	54
rich	1750	575	519	64
rich	1751	460	397	58
rich	1752	304	280	59
rich	1753	670	575	68
rich	1754	478	455	70
rich	1755	914	769	83
rich	1756	188	176	43
rich	1757	822	666	77
rich	1758	723	579	73
rich	1759	861	750	88
rich	1760	699	644	83
rich	1761	380	335	55
rich	1762	320	291	48
rich	1763	397	351	47
rich	1764	522	450	78
rich	1765	439	402	60
rich	1766	621	579	88
rich	1767	1052	904	77
rich	1768	1079	988	112
rich	1769	758	673	85
rich	1770	1302	1117	106
rich	1771	1001	917	92
rich	1772	1254	1076	87
rich	1773	440	408	76
rich	1774	960	843	94
rich	1775	781	707	92
rich	1776	1437	1262	112
rich	1777	1317	1192	125
rich	1778	1029	886	78
rich	1779	631	597	98
rich	1780	809	763	83
rich	1781	792	722	95
rich	1782	620	567	86
rich	1783	960	859	96
rich	1784	1330	1189	124
rich	1785	899	813	120
rich	1786	974	862	125
rich	1787	2258	2025	198
rich	1788	2401	2182	216
rich	1789	1867	1742	195
rich	1790	2113	1912	208
rich	1791	2123	1884	189
rich	1792	2932	2531	257
rich	1793	2669	2377	252
rich	1794	2446	2142	228
rich	1795	2659	2298	220
rich	1796	2577	2308	252
rich	1797	1834	1659	201
rich	1798	2198	1959	223
rich	1799	2611	2344	255
rich	1800	3987	3660	380
rich	1801	6239	5432	528
rich	1802	4472	4030	385
rich	1803	6820	6094	527
rich	1804	7692	6831	685
rich	1805	7325	6481	610
rich	1806	9853	8800	758
rich	1807	8860	7821	714
rich	1808	10446	9162	825
rich	1809	10457	9072	767
rich	1810	10884	9414	840
rich	1811	12275	10713	969
rich	1812	11022	9414	798
rich	1813	9232	8206	701
rich	1814	10777	9513	852
rich	1815	10583	9311	817
rich	1816	11320	10089	890
rich	1817	12280	10749	992
rich	1818	13035	11678	1055
rich	1819	12884	11268	964
rich	1820	17181	15265	1250
rich	1821	14232	12446	1069
rich	1822	18233	15863	1459
rich	1823	18913	16630	1476
rich	1824	24692	21479	1737
rich	1825	25868	22304	1769
rich	1826	18597	16250	1383
rich	1827	18580	16285	1503
rich	1828	22312	19449	1535
rich	1829	20407	18081	1552
rich	1830	28241	23797	1934
rich	1831	25644	22045	1810
rich	1832	28121	23974	1850
rich	1833	25861	22299	1943
rich	1834	26910	23453	1907
rich	1835	31833	27246	2135
rich	1836	29429	25772	2222
rich	1837	28739	24664	1912
rich	1838	29515	25492	1960
rich	1839	36228	30673	2338
rich	1840	34653	29275	2298
rich	1841	31719	27712	2130
rich	1842	29618	25411	1854
rich	1843	31851	27639	2087
rich	1844	38275	32619	2303
rich	1845	37632	32216	2296
rich	1846	41664	35678	2472
rich	1847	35576	30834	2420
rich	1848	41389	35712	2615
rich	1849	43985	37780	2591
rich	1850	46321	39756	2784
rich	1851	47374	40852	2897
rich	1852	50413	43663	3211
rich	1853	56455	49364	3453
rich	1854	62561	54292	3661
rich	1855	50031	43229	3146
rich	1856	53609	46417	3372
rich	1857	49407	43275	3076
rich	1858	43120	37739	2833
rich	1859	53016	45672	3200
rich	1860	52131	45604	3439
rich	1861	37372	32509	2384
rich	1862	32430	28508	2265
rich	1863	34310	29330	2345
rich	1864	39788	34673	2868
rich	1865	39069	34542	2891
rich	1866	43437	37682	3047
rich	1867	45055	38497	2975
rich	1868	44713	38527	3074
rich	1869	56055	47572	3226
rich	1870	43975	38130	3050
rich	1871	46464	40326	3274
rich	1872	48356	41756	3350
rich	1873	48659	42159	3376
rich	1874	54309	47371	3687
rich	1875	53746	46640	3823
rich	1876	56879	49897	4087
rich	1877	52348	45462	3905
rich	1878	52129	45888	3840
rich	1879	49951	44045	4106
rich	1880	64863	56454	4705
rich	1881	64229	56246	4848
rich	1882	66370	58811	4999
rich	1883	81624	71326	5691
rich	1884	68485	59552	5411
rich	1885	72127	62318	5453
rich	1886	60075	52360	4715
rich	1887	69765	60812	5537
rich	1888	70285	61132	5341
rich	1889	62396	54431	4996
rich	1890	68959	60092	5530
rich	1891	77581	67227	5812
rich	1892	80706	70772	6558
rich	1893	75467	65930	6245
rich	1894	70559	61774	6121
rich	1895	80009	70203	7154
rich	1896	86286	75699	7352
rich	1897	84238	73880	7193
rich	1898	88052	76938	7706
rich	1899	103809	90697	8933
rich	1900	115485	101087	9245
rich	1901	106112	92857	8999
rich	1902	109091	95951	9305
rich	1903	102840	89475	9291
rich	1904	115959	101645	9970
rich	1905	111785	96671	9735
rich	1906	112175	97900	9731
rich	1907	113945	99744	9930
rich	1908	114277	98887	10001
rich	1909	101507	88097	8783
rich	1910	99929	86541	9028
rich	1911	100401	87316	9264
rich	1912	104415	91082	9951
rich	1913	97047	84933	9475
rich	1914	96999	84535	9370
rich	1915	80587	70110	8637
rich	1916	77977	68122	8723
rich	1917	78076	68690	8736
rich	1918	67676	59220	7928
rich	1919	71815	62066	8304
rich	1920	93194	81636	9833
rich	1921	85321	73274	8414
rich	1922	92183	80755	9732
rich	1923	79270	69227	7576
rich	1924	72179	62753	7013
rich	1925	74497	64939	7315
rich	1926	74734	64430	7349
rich	1927	82893	72716	8029
rich	1928	77886	68092	7868
rich	1929	76228	66629	7682
rich	1930	83394	72464	8037
rich	1931	78429	67665	7479
rich	1932	67649	58650	6587
rich	1933	61141	53168	6064
rich	1934	64214	56396	6332
rich	1935	81171	69863	6975
rich	1936	74312	64705	7294
rich	1937	74141	64954	7458
rich	1938	72508	63275	7250
rich	1939	77929	67370	7217
rich	1940	67104	58517	6664
rich	1941	64596	55876	6218
rich	1942	65585	56472	6182
rich	1943	57880	49732	5615
rich	1944	52693	45706	5222
rich	1945	57491	49555	5807
rich	1946	79210	67855	7753
rich	1947	92053	79579	8878
rich	1948	91443	78657	8894
rich	1949	96102	83865	9573
rich	1950	100962	86959	9685
rich	1951	93921	81009	9235
rich	1952	95434	81967	9242
rich	1953	89819	77566	9411
rich	1954	94353	81696	9807
rich	1955	96898	84216	10131
rich	1956	103510	88726	10680
rich	1957	110588	95312	11642
rich	1958	107713	93481	11513
rich	1959	115641	99138	12031
rich	1960	137780	118135	14418
rich	1961	141806	122617	15110
rich	1962	156214	134860	16444
rich	1963	168506	143826	17758
rich	1964	149647	129655	17270
rich	1965	174923	151131	19164
rich	1966	189607	160926	19946
rich	1967	194042	166925	21280
rich	1968	214568	182143	23274
rich	1969	197924	169866	22063
rich	1970	201880	173627	22750
rich	1971	190664	161735	21695
rich	1972	190283	161341	22271
rich	1973	187115	157213	21234
rich	1974	178124	149885	20660
rich	1975	179391	151319	21753
rich	1976	188351	157770	22209
rich	1977	191007	159221	22112
rich	1978	187310	156668	22361
rich	1979	188248	157808	22553
rich	1980	193172	159947	22421
rich	1981	181196	151266	21305
rich	1982	187671	157019	22620
rich	1983	191230	160276	22894
rich	1984	210201	175057	24373
rich	1985	200020	168454	24513
rich	1986	209148	175985	25661
rich	1987	219452	184088	26385
rich	1988	227861	191364	27401
rich	1989	237475	199320	28333
rich	1990	252709	212044	30670
rich	1991	242279	204099	29473
rich	1992	273602	227861	31495
rich	1993	271739	228199	31201
rich	1994	283575	239491	33567
rich	1995	299568	252602	35003
rich	1996	338453	285901	38684
rich	1997	346543	290708	39728
rich	1998	367244	309721	42690
rich	1999	388500	327513	44921
rich	2000	464490	392722	53519
rich	2001	475847	405467	56090
rich	2002	545280	461793	65307
rich	2003	620368	523401	74546
rich	2004	718103	609831	84455
rich	2005	671763	567391	79841
rich	2006	714310	605751	83780
rich	2007	814113	691574	87640
rich	2008	1047398	902415	119437
horse	1575	32	26	2
horse	1576	4	3	1
horse	1581	3	3	1
horse	1586	10	10	1
horse	1588	2	2	1
horse	1592	31	23	5
horse	1603	26	23	1
horse	1604	3	3	1
horse	1618	23	19	2
horse	1620	2	2	1
horse	1634	26	18	2
horse	1635	20	15	2
horse	1637	29	23	1
horse	1638	4	4	2
horse	1640	9	8	2
horse	1642	58	29	1
horse	1644	2	2	1
horse	1648	9	7	1
horse	1649	76	65	3
horse	1651	30	23	2
horse	1653	3	3	1
horse	1658	12	10	2
horse	1660	29	24	4
horse	1661	13	13	1
horse	1663	52	33	5
horse	1664	8	7	1
horse	1665	22	14	2
horse	1666	10	7	2
horse	1667	5	3	1
horse	1668	7	4	1
horse	1669	4	4	1
horse	1670	12	12	1
horse	1671	2	2	1
horse	1672	11	7	1
horse	1674	1	1	1
horse	1675	1	1	1
horse	1681	6	5	1
horse	1683	5	4	3
horse	1684	3	3	1
horse	1689	2	2	2
horse	1696	3	2	1
horse	1703	76	55	2
horse	1711	1	1	1
horse	1714	16	12	1
horse	1716	1	1	1
horse	1717	21	17	1
horse	1719	64	33	4
horse	1723	31	23	3
horse	1724	63	39	1
horse	1725	3	3	2
horse	1726	3	3	1
horse	1729	1	1	1
horse	1731	23	18	2
horse	1732	11	7	2
horse	1736	12	12	2
horse	1739	11	7	3
horse	1741	1	1	1
horse	1743	1	1	1
horse	1747	1	1	1
horse	1748	106	70	1
horse	1749	153	74	1
horse	1750	22	18	2
horse	1751	2	2	2
horse	1753	1	1	1
horse	1754	1	1	1
horse	1755	2	2	2
horse	1757	2	2	1
horse	1759	52	33	2
horse	1760	5	5	1
horse	1763	11	5	1
horse	1764	33	25	1
horse	1765	1	1	1
horse	1766	16	16	2
horse	1768	6	6	3
horse	1769	2	2	2
horse	1771	17	16	3
horse	1773	1	1	1
horse	1774	143	79	3
horse	1775	23	20	2
horse	1776	48	36	5
horse	1777	3	3	2
horse	1778	62	48	4
horse	1779	27	23	2
horse	1780	110	78	6
horse	1781	32	21	1
horse	1782	76	63	7
horse	1783	38	23	3
horse	1784	78	60	4
horse	1785	294	198	6
horse	1786	6	6	1
horse	1787	105	76	9
horse	1788	179	125	7
horse	1789	6	5	3
horse	1790	111	78	7
horse	1791	144	116	8
horse	1792	106	71	12
horse	1793	144	124	15
horse	1794	185	150	28
horse	1795	150	98	22
horse	1796	182	140	23
horse	1797	510	357	38
horse	1798	199	173	37
horse	1799	894	657	68
horse	1800	1749	1364	137
horse	1801	3019	2258	256
horse	1802	2192	1762	199
horse	1803	4649	3461	336
horse	1804	7370	5758	479
horse	1805	7908	5145	436
horse	1806	8141	5829	568
horse	1807	8181	6239	576
horse	1808	9196	6897	698
horse	1809	10554	7086	614
horse	1810	11333	7628	704
horse	1811	10574	8176	779
horse	1812	9770	7085	681
horse	1813	8778	6418	596
horse	1814	13067	8977	770
horse	1815	8893	6732	714
horse	1816	12436	8705	797
horse	1817	10149	7581	791
horse	1818	10961	8219	903
horse	1819	12268	8675	876
horse	1820	20123	15069	1157
horse	1821	12794	9506	904
horse	1822	18309	13723	1291
horse	1823	22974	16491	1303
horse	1824	21681	16038	1540
horse	1825	26100	18542	1645
horse	1826	24840	17354	1262
horse	1827	19310	14660	1339
horse	1828	20352	15067	1313
horse	1829	26030	18653	1410
horse	1830	26585	19526	1630
horse	1831	28107	18344	1552
horse	1832	29568	20589	1606
horse	1833	24188	17310	1647
horse	1834	28940	20742	1686
horse	1835	28514	20199	1841
horse	1836	32861	22891	1912
horse	1837	25059	18555	1655
horse	1838	28772	20704	1713
horse	1839	34699	24837	2052
horse	1840	37996	25376	1974
horse	1841	31629	22379	1825
horse	1842	31528	21453	1611
horse	1843	41029	24938	1778
horse	1844	37575	25839	1996
horse	1845	38543	26851	2014
horse	1846	47402	30965	2170
horse	1847	36100	25396	2095
horse	1848	40190	27295	2257
horse	1849	45415	31278	2234
horse	1850	43084	29617	2398
horse	1851	49925	33172	2431
horse	1852	56541	37653	2792
horse	1853	55802	38385	3016
horse	1854	54347	39078	3273
horse	1855	49429	33944	2769
horse	1856	56787	39439	2964
horse	1857	65048	41656	2709
horse	1858	47351	32219	2496
horse	1859	57232	39379	2746
horse	1860	59301	40035	3011
horse	1861	44657	29353	2118
horse	1862	38079	26590	2084
horse	1863	36056	24802	2065
horse	1864	43607	31193	2559
horse	1865	42134	28691	2576
horse	1866	51894	32773	2660
horse	1867	48368	32830	2589
horse	1868	48809	32725	2663
horse	1869	57268	37585	2908
horse	1870	45156	30052	2695
horse	1871	49757	34543	2897
horse	1872	42306	30575	2980
horse	1873	44826	31735	2955
horse	1874	49683	34938	3258
horse	1875	51105	36051	3509
horse	1876	51051	35820	3668
horse	1877	52733	35852	3387
horse	1878	51686	35205	3412
horse	1879	54978	38075	3636
horse	1880	64388	45945	4196
horse	1881	63835	44791	4215
horse	1882	69449	48057	4440
horse	1883	73506	52332	5163
horse	1884	71459	48796	4868
horse	1885	69320	47790	4807
horse	1886	67974	44935	4272
horse	1887	71050	50239	5017
horse	1888	76992	51628	4851
horse	1889	71608	47408	4568
horse	1890	72436	49904	4910
horse	1891	76494	51783	5252
horse	1892	93147	61747	5843
horse	1893	89302	59870	5559
horse	1894	90071	60332	5539
horse	1895	87095	60600	6349
horse	1896	96202	67364	6569
horse	1897	101113	67925	6466
horse	1898	99387	70202	6894
horse	1899	107758	76519	7796
horse	1900	117845	83751	8289
horse	1901	114244	80567	7944
horse	1902	119564	82928	8239
horse	1903	122529	82283	8156
horse	1904	128938	88332	8849
horse	1905	120550	79522	8560
horse	1906	120864	81797	8729
horse	1907	123478	83803	8677
horse	1908	121506	81089	8954
horse	1909	104135	69151	7689
horse	1910	108403	73774	8051
horse	1911	110660	73546	8251
horse	1912	107866	72740	8656
horse	1913	106773	70904	8301
horse	1914	97062	65660	7969
horse	1915	86604	56604	7404
horse	1916	82815	55678	7326
horse	1917	83605	56299	7543
horse	1918	70562	46856	6694
horse	1919	66328	46360	6986
horse	1920	89444	61676	8440
horse	1921	80275	53820	7082
horse	1922	97350	62737	8050
horse	1923	76490	52840	6590
horse	1924	69970	47073	5897
horse	1925	77259	51306	6261
horse	1926	77454	52995	6236
horse	1927	74464	51582	6665
horse	1928	76203	53110	6608
horse	1929	76664	52083	6454
horse	1930	83514	56846	6674
horse	1931	83386	55134	6296
horse	1932	72328	47923	5394
horse	1933	59242	39944	4954
horse	1934	60529	42496	5157
horse	1935	69721	47935	5830
horse	1936	75988	50803	5956
horse	1937	78076	52238	6110
horse	1938	72433	47468	5823
horse	1939	70736	47211	5887
horse	1940	64156	43392	5430
horse	1941	59984	39352	5009
horse	1942	60512	40895	5063
horse	1943	49988	33369	4463
horse	1944	39678	27478	4227
horse	1945	50323	33144	4547
horse	1946	73256	47603	6216
horse	1947	83786	54745	7191
horse	1948	80311	52849	7072
horse	1949	88818	57311	7496
horse	1950	85021	57150	7535
horse	1951	82238	53512	7304
horse	1952	87025	57056	7373
horse	1953	78742	51105	7386
horse	1954	85315	56935	7610
horse	1955	87762	58550	7881
horse	1956	82495	56576	8264
horse	1957	86478	60018	8925
horse	1958	89606	61088	8846
horse	1959	92564	62887	9174
horse	1960	106367	71653	10741
horse	1961	108775	74640	11289
horse	1962	126127	83935	12369
horse	1963	135792	85972	13042
horse	1964	111453	75879	12324
horse	1965	119538	82103	13633
horse	1966	127910	87422	14388
horse	1967	136952	93008	15221
horse	1968	148778	100258	16547
horse	1969	133085	92897	15592
horse	1970	135733	95103	16039
horse	1971	124440	84906	14742
horse	1972	122093	82049	14891
horse	1973	115641	78379	14116
horse	1974	106615	72547	13452
horse	1975	113911	76713	13837
horse	1976	114464	77056	14308
horse	1977	117700	78626	14282
horse	1978	111217	75459	14022
horse	1979	115928	76606	14164
horse	1980	114547	77119	13867
horse	1981	106524	70979	12996
horse	1982	106515	72487	13695
horse	1983	114439	75600	13960
horse	1984	119670	80730	14676
horse	1985	119347	79790	14558
horse	1986	114964	77789	15000
horse	1987	121022	81245	15591
horse	1988	129109	86661	16080
horse	1989	133116	88196	16709
horse	1990	143441	95522	17851
horse	1991	141614	93823	17362
horse	1992	156409	101547	18539
horse	1993	150523	99787	18104
horse	1994	156539	105089	19935
horse	1995	171445	111963	20710
horse	1996	186990	124887	22654
horse	1997	186255	123905	23114
horse	1998	199139	132500	25079
horse	1999	215164	140941	26562
horse	2000	281511	182237	32468
horse	2001	309631	200378	33867
horse	2002	352333	223833	39060
horse	2003	422742	265786	45531
horse	2004	564138	358011	54175
horse	2005	517196	320013	50521
horse	2006	563521	353214	53888
horse	2007	717122	457091	58587
horse	2008	1108934	737608	90209
modern	1520	2	2	1
modern	1541	1	1	1
modern	1574	53	41	1
modern	1575	4	4	2
modern	1581	20	16	1
modern	1584	6	6	1
modern	1586	21	18	1
modern	1611	5	5	1
modern	1618	2	2	1
modern	1632	2	2	1
modern	1634	4	4	2
modern	1635	18	16	2
modern	1637	3	3	1
modern	1638	5	5	1
modern	1639	2	2	1
modern	1640	1	1	1
modern	1642	6	6	1
modern	1644	12	10	2
modern	1647	2	2	1
modern	1648	47	37	1
modern	1649	3	3	1
modern	1651	9	9	2
modern	1659	1	1	1
modern	1660	1	1	1
modern	1663	15	15	5
modern	1664	1	1	1
modern	1666	4	4	3
modern	1667	10	10	2
modern	1668	10	10	1
modern	1669	5	5	1
modern	1670	8	8	1
modern	1671	1	1	1
modern	1673	4	4	2
modern	1674	5	5	2
modern	1675	35	30	2
modern	1676	3	3	2
modern	1677	4	4	2
modern	1679	16	13	1
modern	1680	3	3	2
modern	1681	3	3	1
modern	1682	93	65	2
modern	1683	53	33	5
modern	1684	1	1	1
modern	1685	3	3	2
modern	1686	20	19	3
modern	1687	2	2	1
modern	1688	6	5	2
modern	1689	4	4	2
modern	1693	6	6	1
modern	1694	1	1	1
modern	1696	4	4	2
modern	1697	28	24	2
modern	1698	27	27	2
modern	1699	10	10	3
modern	1700	7	7	3
modern	1701	32	32	9
modern	1702	12	12	8
modern	1703	13	13	6
modern	1704	11	11	5
modern	1705	48	46	14
modern	1706	4	4	4
modern	1707	11	11	3
modern	1708	11	11	8
modern	1709	2	2	2
modern	1710	24	24	8
modern	1711	25	25	9
modern	1712	4	4	4
modern	1713	55	52	10
modern	1714	120	112	16
modern	1715	26	25	6
modern	1716	10	10	4
modern	1717	39	37	13
modern	1718	36	36	23
modern	1719	46	44	14
modern	1720	51	51	19
modern	1721	50	46	9
modern	1722	71	69	21
modern	1723	28	26	13
modern	1724	63	60	16
modern	1725	112	103	24
modern	1726	216	211	32
modern	1727	171	164	38
modern	1728	241	230	32
modern	1729	297	274	36
modern	1730	218	205	35
modern	1731	345	311	46
modern	1732	203	187	42
modern	1733	67	64	22
modern	1734	134	121	31
modern	1735	127	123	34
modern	1736	89	84	22
modern	1737	158	148	34
modern	1738	154	145	27
modern	1739	175	171	64
modern	1740	136	127	30
modern	1741	98	95	27
modern	1742	168	147	37
modern	1743	265	259	45
modern	1744	205	183	47
modern	1745	159	154	44
modern	1746	90	86	28
modern	1747	634	576	74
modern	1748	389	347	47
modern	1749	389	366	55
modern	1750	524	462	66
modern	1751	374	342	71
modern	1752	551	523	61
modern	1753	572	517	84
modern	1754	1094	986	87
modern	1755	543	495	86
modern	1756	304	269	43
modern	1757	758	645	72
modern	1758	494	430	68
modern	1759	646	581	87
modern	1760	610	511	68
modern	1761	229	212	47
modern	1762	339	308	43
modern	1763	359	327	47
modern	1764	440	394	67
modern	1765	670	584	61
modern	1766	549	499	95
modern	1767	686	615	68
modern	1768	1160	1046	118
modern	1769	525	505	84
modern	1770	1038	908	109
modern	1771	617	580	79
modern	1772	767	703	87
modern	1773	551	505	79
modern	1774	691	632	82
modern	1775	705	661	100
modern	1776	1141	1029	116
modern	1777	1087	1019	126
modern	1778	784	684	81
modern	1779	943	797	83
modern	1780	721	655	93
modern	1781	1014	949	102
modern	1782	895	820	93
modern	1783	933	863	96
modern	1784	833	771	125
modern	1785	929	845	122
modern	1786	921	840	116
modern	1787	2014	1876	187
modern	1788	2897	2584	208
modern	1789	1218	1158	182
modern	1790	1796	1614	198
modern	1791	2413	2174	184
modern	1792	2067	1930	241
modern	1793	2264	2066	239
modern	1794	2125	1978	219
modern	1795	1811	1702	210
modern	1796	1969	1725	231
modern	1797	1887	1708	199
modern	1798	1881	1719	215
modern	1799	2555	2335	250
modern	1800	4229	3910	339
modern	1801	6728	6091	533
modern	1802	4438	4011	380
modern	1803	6486	5871	498
modern	1804	7455	6581	636
modern	1805	6482	5904	586
modern	1806	8730	8033	728
modern	1807	9090	8281	682
modern	1808	8495	7618	782
modern	1809	9363	8353	727
modern	1810	7412	6825	763
modern	1811	12686	11453	951
modern	1812	10556	9472	781
modern	1813	9647	8703	697
modern	1814	11434	10230	802
modern	1815	10416	9302	784
modern	1816	11600	10678	861
modern	1817	12792	11419	898
modern	1818	13846	12432	986
modern	1819	11580	10235	930
modern	1820	15268	13699	1162
modern	1821	12316	11081	988
modern	1822	15459	14008	1339
modern	1823	19228	17319	1345
modern	1824	21173	18836	1627
modern	1825	19670	17640	1667
modern	1826	15767	14118	1305
modern	1827	17674	15805	1379
modern	1828	18468	16482	1453
modern	1829	19240	17095	1474
modern	1830	21832	19172	1727
modern	1831	21918	19405	1615
modern	1832	21977	19365	1725
modern	1833	19979	17708	1779
modern	1834	23309	20560	1791
modern	1835	28762	25344	1991
modern	1836	24623	21968	2057
modern	1837	25627	22535	1806
modern	1838	25527	22522	1890
modern	1839	23567	20771	2148
modern	1840	29862	25865	2129
modern	1841	29605	26033	1973
modern	1842	23793	20696	1727
modern	1843	26154	22934	1902
modern	1844	30730	26873	2142
modern	1845	29161	25400	2122
modern	1846	37064	32188	2314
modern	1847	28968	25638	2211
modern	1848	34330	29808	2399
modern	1849	34211	29989	2371
modern	1850	38710	32814	2576
modern	1851	36929	32321	2698
modern	1852	38966	34140	2949
modern	1853	47557	41629	3190
modern	1854	54845	47299	3398
modern	1855	40696	35615	2936
modern	1856	43170	37392	3114
modern	1857	38963	34351	2831
modern	1858	39810	34544	2583
modern	1859	43269	37788	2919
modern	1860	44709	38543	3158
modern	1861	31040	26909	2263
modern	1862	31685	27157	2153
modern	1863	33657	28871	2127
modern	1864	33320	29446	2600
modern	1865	36979	32124	2620
modern	1866	39020	34172	2832
modern	1867	40789	34802	2667
modern	1868	34679	30266	2794
modern	1869	43928	38024	2969
modern	1870	40595	34886	2893
modern	1871	44318	38492	3055
modern	1872	51077	43798	3129
modern	1873	54031	45998	3248
modern	1874	58494	50230	3525
modern	1875	57257	49290	3672
modern	1876	59128	50930	3826
modern	1877	58628	50309	3793
modern	1878	57401	49585	3629
modern	1879	54670	46923	3968
modern	1880	70792	60576	4522
modern	1881	68162	58521	4621
modern	1882	73923	63399	4829
modern	1883	85674	73306	5476
modern	1884	77987	66592	5213
modern	1885	81208	69131	5268
modern	1886	69855	59765	4686
modern	1887	80553	68723	5424
modern	1888	79728	67870	5213
modern	1889	75872	64631	4924
modern	1890	79424	68038	5422
modern	1891	93838	79063	5658
modern	1892	111137	93003	6414
modern	1893	95571	81152	6207
modern	1894	92544	78591	6115
modern	1895	101109	85537	6894
modern	1896	109804	93709	7264
modern	1897	105767	89610	7077
modern	1898	113903	96222	7392
modern	1899	134019	112893	8506
modern	1900	136137	115634	8902
modern	1901	141144	118867	8831
modern	1902	152008	128008	9137
modern	1903	133217	112902	9143
modern	1904	155363	130951	9754
modern	1905	156555	131436	9787
modern	1906	154727	129392	9755
modern	1907	175490	145139	9953
modern	1908	170154	142132	10278
modern	1909	144812	121425	8997
modern	1910	152716	126711	9303
modern	1911	161169	132912	9603
modern	1912	180143	148289	10319
modern	1913	171729	142324	9984
modern	1914	166570	137907	10087
modern	1915	155211	127866	9312
modern	1916	140315	116665	9377
modern	1917	148196	122030	9489
modern	1918	131209	108812	8579
modern	1919	133986	111345	8836
modern	1920	173960	143820	10450
modern	1921	158762	130500	9044
modern	1922	181481	147904	10366
modern	1923	149429	121979	8156
modern	1924	133274	109914	7570
modern	1925	133501	109270	7691
modern	1926	138660	113098	7814
modern	1927	155772	127085	8585
modern	1928	150546	122967	8401
modern	1929	149622	121474	8302
modern	1930	163708	132530	8701
modern	1931	154554	124819	8268
modern	1932	136450	110025	7223
modern	1933	118370	95835	6606
modern	1934	132864	108167	7011
modern	1935	147376	119527	7639
modern	1936	147391	119991	7983
modern	1937	153692	124006	8143
modern	1938	153525	124470	8133
modern	1939	159151	128670	8035
modern	1940	144630	116724	7466
modern	1941	137168	111177	7161
modern	1942	133208	107482	7075
modern	1943	113087	91683	6366
modern	1944	108886	87286	5943
modern	1945	116545	94351	6604
modern	1946	154082	124324	8486
modern	1947	182099	145628	9854
modern	1948	191524	152839	10046
modern	1949	209916	169020	10734
modern	1950	215845	172818	10890
modern	1951	198352	159950	10416
modern	1952	204736	162865	10439
modern	1953	197497	157610	10525
modern	1954	200159	161093	10873
modern	1955	206500	165905	11349
modern	1956	227027	180944	11912
modern	1957	243290	194485	12898
modern	1958	244416	194461	13136
modern	1959	253967	201311	13788
modern	1960	317189	250470	16422
modern	1961	319969	256001	17522
modern	1962	359469	285800	18821
modern	1963	374152	296825	20156
modern	1964	366051	289193	19581
modern	1965	413859	326514	21820
modern	1966	417706	330492	22703
modern	1967	447598	354893	24395
modern	1968	473292	374022	26328
modern	1969	434754	345068	24707
modern	1970	449519	355295	25481
modern	1971	426564	336241	24173
modern	1972	422023	332684	24759
modern	1973	396354	310397	23461
modern	1974	378199	296027	22748
modern	1975	373530	293935	23929
modern	1976	381175	299228	24329
modern	1977	398561	311287	24283
modern	1978	374806	293359	24226
modern	1979	383950	301080	24626
modern	1980	383559	299833	24396
modern	1981	367381	286387	23033
modern	1982	383574	300288	24421
modern	1983	394449	306192	24726
modern	1984	413282	323756	26464
modern	1985	415472	323451	26327
modern	1986	446417	346894	27616
modern	1987	456517	353975	27981
modern	1988	471592	364327	28983
modern	1989	494662	381317	29970
modern	1990	522733	402881	32194
modern	1991	516735	396460	30746
modern	1992	570108	436522	32535
modern	1993	597182	451310	32071
modern	1994	641442	482597	34256
modern	1995	661630	503704	35899
modern	1996	781651	585769	39325
modern	1997	763358	574162	40357
modern	1998	832737	617803	43409
modern	1999	873258	656060	45856
modern	2000	1027135	772443	53602
modern	2001	1019433	767586	55686
modern	2002	1126148	848737	63860
modern	2003	1239009	942414	72824
modern	2004	1315059	1005890	80121
modern	2005	1240922	946851	76031
modern	2006	1335763	1026653	81286
modern	2007	1405933	1080920	82879
modern	2008	1318356	1059769	107755
